generation,N_shifts,logPrior,logLik,eventRate,acceptRate
0,0,2.76404,-1287.57,1,0
10000,1,2.92285,-931.563,0.76872,0.4087
20000,5,6.27137,-912.662,6.41331,0.386681
30000,1,4.31739,-929.923,0.582889,0.3935
40000,4,10.8777,-914.081,3.34636,0.4182
50000,1,4.57587,-927.37,0.270346,0.412612
60000,2,6.1029,-920.238,0.589876,0.401343
70000,1,4.1244,-930.096,0.322511,0.393475
80000,1,4.66716,-928.963,0.54135,0.4093
90000,2,5.13373,-924.422,0.309426,0.40865
100000,2,6.66786,-930.085,1.01025,0.410975
110000,2,5.33042,-929.431,1.54023,0.404257
120000,1,4.59215,-930.861,0.84561,0.3896
130000,2,5.74599,-922.849,0.74477,0.40814
140000,4,8.09734,-919.377,3.51337,0.40248
150000,3,8.54894,-919.958,1.45313,0.4475
160000,1,5.40013,-929.197,0.512605,0.40125
170000,1,3.30818,-928.37,0.700017,0.4046
180000,1,5.36806,-931.141,0.270272,0.402775
190000,3,4.6226,-926.882,2.1017,0.4014
200000,1,5.28275,-928.451,1.23559,0.41054
210000,2,8.24013,-925.956,0.564338,0.40815
220000,2,5.1438,-930.611,1.89033,0.43215
230000,1,4.35839,-929.285,0.169287,0.4285
240000,2,4.2332,-925.64,2.50079,0.400629
250000,2,7.4874,-925.016,0.394283,0.3922
260000,1,3.28511,-928.69,0.884929,0.414986
270000,1,5.21457,-927.263,0.112085,0.410375
280000,1,1.6005,-929.93,2.16197,0.4015
290000,1,5.44096,-928.241,0.423355,0.3802
300000,1,5.44714,-926.044,0.959308,0.420312
310000,1,5.3091,-927.032,0.356282,0.41872
320000,1,5.42945,-926.912,0.193594,0.4243
330000,3,7.75628,-927.7,1.07209,0.4038
340000,1,2.68402,-924.277,3.25065,0.4047
350000,4,14.0503,-921.603,1.53638,0.404583
360000,2,7.05603,-927.1,0.230909,0.4405
370000,3,9.43993,-922.112,1.4802,0.4286
380000,3,6.11039,-927.28,1.09944,0.4315
390000,2,7.31111,-920.036,1.84832,0.4244
400000,3,10.8061,-921.249,1.24609,0.4357
410000,2,5.04048,-921.533,1.54728,0.421075
420000,1,5.72012,-925.123,0.605706,0.412408
430000,3,9.63905,-924.085,2.3247,0.429833
440000,2,3.39068,-927.155,1.55489,0.4175
450000,2,3.96584,-922.841,3.16843,0.4079
460000,2,5.06365,-924.485,2.03891,0.422
470000,1,6.23234,-927.9,0.22578,0.414883
480000,1,3.69052,-928.611,0.59843,0.42758
490000,3,10.6221,-924.496,1.40885,0.4337
500000,2,7.53748,-924.343,1.10882,0.4288
510000,2,8.38271,-922.689,1.11771,0.4242
520000,1,4.16197,-926.594,1.97089,0.4084
530000,4,11.9764,-921.134,1.60402,0.4193
540000,3,7.34598,-924.149,2.29924,0.415538
550000,2,7.26212,-931.242,1.02061,0.415333
560000,2,4.61315,-925.005,1.34325,0.408333
570000,2,1.45909,-932.249,2.14751,0.4037
580000,1,5.51161,-926.806,0.729888,0.420608
590000,1,5.09642,-929.613,0.206587,0.40155
600000,1,5.26136,-928.237,0.404893,0.4018
610000,3,6.76806,-927.224,1.38411,0.407967
620000,1,2.75647,-928.886,1.06607,0.404567
630000,4,9.48156,-924.452,0.931929,0.42255
640000,1,4.1876,-927.722,1.33108,0.4174
650000,3,11.6673,-918.413,0.198379,0.406633
660000,4,10.2752,-923.303,1.76219,0.4224
670000,3,8.70319,-916.251,2.06834,0.424467
680000,2,6.39288,-927.918,0.977326,0.4203
690000,1,5.11976,-927.852,0.504573,0.432767
700000,4,11.2339,-922.067,3.34547,0.4451
710000,1,4.62602,-925.224,1.81889,0.4524
720000,3,4.94863,-923.042,2.39132,0.406958
730000,2,7.25368,-923.502,0.748258,0.4192
740000,2,3.80838,-929.553,1.40318,0.4237
750000,1,5.00436,-928.955,0.673707,0.402433
760000,2,4.88252,-924.02,3.02537,0.42545
770000,6,5.97971,-917.685,3.40532,0.409886
780000,3,6.51131,-927.892,0.268813,0.4016
790000,3,5.01122,-926.043,2.79111,0.422083
800000,1,4.72856,-926.614,0.503949,0.4155
810000,3,7.92445,-918.045,0.768874,0.414867
820000,2,2.88884,-923.25,2.70398,0.412267
830000,1,3.77369,-924.389,1.03337,0.419467
840000,2,4.44866,-924.721,1.3217,0.4213
850000,3,9.46392,-924.108,1.42918,0.4211
860000,2,4.47306,-921.525,0.294836,0.420733
870000,1,4.22766,-924.121,1.39444,0.424
880000,1,5.24783,-925.29,0.033041,0.4413
890000,2,6.35134,-921.067,2.36652,0.422657
900000,1,3.75042,-928.807,1.12823,0.4259
910000,2,6.4454,-929.956,1.08878,0.426567
920000,2,6.39712,-928.931,1.71136,0.41715
930000,1,4.67991,-928.891,0.892925,0.419875
940000,2,5.50627,-924.017,0.634303,0.3953
950000,2,7.0962,-924.975,2.21571,0.409167
960000,3,6.67114,-916.148,3.38899,0.417533
970000,3,8.06874,-923.231,1.22924,0.4126
980000,3,5.29438,-922.584,2.40725,0.3995
990000,3,4.52764,-923.595,1.82153,0.432
1000000,1,4.38484,-928.02,1.39651,0.403286
1010000,1,4.402,-931.928,0.175463,0.3896
1020000,1,5.21807,-932.489,0.20738,0.4143
1030000,4,9.89853,-923.5,2.43104,0.422786
1040000,1,5.24685,-928.002,0.541333,0.4152
1050000,1,3.40555,-926.153,2.70897,0.419533
1060000,2,5.47836,-933.06,2.37643,0.419162
1070000,1,5.0734,-929.935,0.672258,0.410433
1080000,3,7.76622,-925.041,1.37931,0.421167
1090000,3,8.85361,-925.367,1.66773,0.41835
1100000,2,3.67508,-922.256,0.661096,0.4093
1110000,3,9.39985,-922.755,1.04958,0.4079
1120000,2,6.14695,-922.622,1.06808,0.42752
1130000,3,7.96947,-919.522,2.46049,0.43905
1140000,2,5.57495,-929.908,1.86905,0.415038
1150000,3,4.07739,-922.007,3.11665,0.440033
1160000,3,8.38371,-920.428,1.6227,0.433567
1170000,1,5.98704,-925.313,0.498841,0.41365
1180000,2,5.75241,-922.908,2.01347,0.41255
1190000,2,2.4167,-926.549,3.97345,0.4241
1200000,1,4.61429,-928.586,0.874074,0.4215
1210000,1,5.91758,-931.923,0.316935,0.407514
1220000,3,6.77731,-928.053,0.903608,0.415267
1230000,2,8.27111,-925.283,0.91261,0.411353
1240000,1,5.02242,-926.252,0.355777,0.410733
1250000,1,3.17865,-925.097,2.7328,0.421167
1260000,1,4.99176,-927.402,0.948392,0.4186
1270000,4,8.87317,-917.359,1.54315,0.42235
1280000,1,2.28032,-924.812,1.25682,0.4556
1290000,1,5.46411,-927.689,0.605349,0.42584
1300000,1,5.64309,-926.786,0.327837,0.4208
1310000,1,4.01366,-926.313,0.716747,0.419573
1320000,2,8.17391,-921.285,1.61231,0.421267
1330000,2,3.48991,-923.429,2.00683,0.4264
1340000,2,3.44564,-922.026,1.94198,0.43635
1350000,2,6.84063,-926.202,1.07805,0.420178
1360000,4,9.21977,-921.839,1.79645,0.4351
1370000,2,4.50013,-926.123,0.880442,0.427543
1380000,1,3.52268,-925.419,2.34354,0.43272
1390000,4,7.59193,-924.753,2.1925,0.4086
1400000,1,5.67038,-931.467,0.480164,0.42128
1410000,3,9.71464,-918.853,1.66377,0.4265
1420000,3,10.5726,-927.486,0.96206,0.43095
1430000,4,12.0017,-920.001,2.62423,0.417267
1440000,1,4.17418,-929.518,1.67142,0.40435
1450000,1,5.5185,-925.476,0.352953,0.41305
1460000,2,4.44114,-921.859,2.30283,0.4215
1470000,1,-0.57746,-930.461,0.438839,0.416483
1480000,1,4.1121,-926.57,0.879902,0.410525
1490000,3,4.22142,-929.658,2.60374,0.4104
1500000,1,4.51482,-928.956,1.44924,0.4272
1510000,2,5.1949,-926.528,2.61023,0.4263
1520000,2,6.41568,-922.63,1.18639,0.414469
1530000,2,7.74817,-921.508,0.690377,0.41338
1540000,1,3.51363,-927.217,2.49873,0.417925
1550000,1,4.05495,-926.24,0.935375,0.410075
1560000,1,3.5496,-926.942,2.45642,0.4202
1570000,1,4.28484,-925.676,0.244882,0.4263
1580000,5,0.612189,-921.073,1.8019,0.4079
1590000,1,4.98091,-926.12,1.33943,0.4212
1600000,1,3.2216,-927.248,0.594556,0.424267
1610000,5,11.9294,-922.814,3.85192,0.4142
1620000,5,9.93822,-918.276,2.50143,0.415789
1630000,1,4.06137,-926.795,1.89755,0.418367
1640000,2,8.17073,-922.209,0.789125,0.407533
1650000,1,0.837709,-926.455,0.457731,0.42875
1660000,4,10.2457,-919.147,1.72517,0.42075
1670000,8,15.0677,-913.624,3.71536,0.418633
1680000,1,5.71569,-925.463,0.62296,0.413167
1690000,2,6.28407,-926.223,2.00214,0.394
1700000,3,8.5802,-923.914,3.64201,0.4278
1710000,3,9.1079,-921.454,2.35627,0.418925
1720000,1,4.30203,-928.116,1.51978,0.4506
1730000,1,4.88039,-927.634,1.39975,0.409
1740000,3,3.9804,-920.406,3.41811,0.416757
1750000,2,7.20196,-921.964,1.80155,0.422378
1760000,3,4.4857,-920.021,1.18751,0.409467
1770000,2,5.41295,-921.808,0.587516,0.406833
1780000,3,7.21689,-927.362,2.69556,0.420275
1790000,3,2.36918,-925.583,1.8764,0.4088
1800000,3,10.1056,-923.616,0.499336,0.4349
1810000,2,6.80473,-920.176,1.89174,0.427183
1820000,1,5.73901,-924.91,0.590498,0.41155
1830000,1,3.74441,-925.496,0.438524,0.41125
1840000,1,5.24191,-927.927,0.749802,0.4177
1850000,1,5.19139,-928.094,0.595276,0.42156
1860000,2,5.9589,-923.318,2.37678,0.4192
1870000,1,1.36228,-925.908,3.1753,0.4222
1880000,1,5.05701,-925.583,1.27755,0.421329
1890000,2,2.42788,-928.448,1.42679,0.41908
1900000,2,5.91304,-921.557,1.05158,0.42548
1910000,2,6.03751,-928.062,1.08036,0.4404
1920000,2,7.59998,-926.856,0.580401,0.4117
1930000,2,8.20174,-925.071,0.254862,0.4612
1940000,3,7.83569,-926.485,1.53176,0.433367
1950000,1,2.54464,-925.242,3.34764,0.4318
1960000,2,7.61662,-927.78,0.881573,0.429683
1970000,2,5.16962,-929.046,0.788655,0.415967
1980000,1,3.62225,-926.728,1.21952,0.416833
1990000,2,6.83237,-932.105,1.33377,0.4023
2000000,1,4.30504,-926.914,1.0871,0.412775
2010000,2,2.8034,-921.92,3.13427,0.432625
2020000,1,4.80927,-929.326,0.88192,0.4388
2030000,3,9.48541,-919.941,0.287173,0.4126
2040000,2,7.06438,-927.489,1.82726,0.4535
2050000,2,5.70317,-928.376,2.2699,0.426089
2060000,2,5.93341,-924.654,2.14756,0.423
2070000,1,4.306,-928.194,1.981,0.4289
2080000,2,5.50424,-925.164,0.555032,0.434725
2090000,1,5.43832,-924.416,0.473921,0.4319
2100000,1,5.84422,-928.46,0.0706315,0.41092
2110000,6,13.4661,-920.516,6.07436,0.4182
2120000,4,8.1575,-923.661,2.10362,0.429
2130000,5,14.4584,-913.643,1.69822,0.416
2140000,1,3.6909,-929.166,0.948201,0.4467
2150000,2,8.03862,-922.166,0.456633,0.44995
2160000,5,13.6848,-919.532,3.36817,0.4317
2170000,3,7.04357,-924.675,0.799478,0.422833
2180000,3,9.19036,-922.318,1.84207,0.4378
2190000,1,4.627,-926.598,1.02512,0.43115
2200000,2,5.65912,-925.401,0.70556,0.42925
2210000,3,6.8488,-930.913,1.53837,0.40086
2220000,2,5.69724,-924.381,2.25181,0.410567
2230000,2,7.6063,-924.869,1.59791,0.4015
2240000,2,2.76497,-924.034,3.36765,0.4005
2250000,4,10.5577,-916.834,1.98285,0.4123
2260000,2,6.07789,-921.783,1.63092,0.4479
2270000,2,4.81975,-924.49,2.92021,0.41498
2280000,1,2.63125,-928.203,0.507397,0.4066
2290000,1,5.19716,-928.704,0.446181,0.42246
2300000,4,10.1734,-924.752,1.71613,0.4415
2310000,6,12.4736,-917.247,1.94888,0.4299
2320000,3,10.2457,-921.093,0.828491,0.4225
2330000,2,7.13529,-925.587,0.797655,0.41198
2340000,1,4.34761,-931.43,0.952299,0.404829
2350000,1,2.99955,-928.618,1.15235,0.3923
2360000,2,7.6225,-921.275,1.44438,0.407
2370000,3,5.65892,-923.136,2.83969,0.4404
2380000,1,5.02545,-925.828,1.16011,0.413
2390000,3,9.48156,-924.661,0.356921,0.4439
2400000,1,4.82501,-926.453,1.0327,0.422262
2410000,3,8.13457,-920.722,1.89386,0.4209
2420000,2,7.61901,-921.909,1.14538,0.423189
2430000,2,6.42361,-928.086,0.544075,0.4288
2440000,1,5.17756,-930.851,0.928626,0.4042
2450000,2,7.60385,-925.157,0.191666,0.4122
2460000,2,3.27082,-925.816,1.18864,0.4187
2470000,1,5.2017,-925.422,0.69249,0.4163
2480000,2,6.37511,-926.348,1.13335,0.4288
2490000,1,5.30867,-926.682,0.0496506,0.423321
2500000,2,6.00534,-927.038,1.75185,0.418844
2510000,4,7.52946,-921.423,1.86671,0.40725
2520000,1,6.1595,-925.749,0.155825,0.40615
2530000,1,4.86508,-927.781,0.532975,0.41168
2540000,3,8.45086,-921.85,1.1892,0.3922
2550000,2,7.0671,-927.312,1.60002,0.4452
2560000,2,6.14654,-928.595,0.924772,0.4121
2570000,1,4.81193,-924.23,0.734721,0.40684
2580000,2,6.97116,-922.095,0.774479,0.4175
2590000,2,7.00552,-930.854,1.14885,0.42565
2600000,1,5.69013,-928.026,0.684026,0.436375
2610000,6,18.5231,-915.621,2.49889,0.42255
2620000,2,5.91471,-920.038,2.80717,0.4071
2630000,2,7.58132,-919.546,0.614498,0.44965
2640000,7,13.4168,-914.564,5.63244,0.4272
2650000,5,6.70816,-919.334,5.92834,0.4374
2660000,2,5.00987,-920.762,2.23479,0.425513
2670000,3,7.68775,-918.247,1.84103,0.41386
2680000,2,8.26174,-919.174,0.322061,0.4306
2690000,1,5.60929,-926.39,0.596555,0.429778
2700000,2,6.51313,-919.706,1.52775,0.4161
2710000,4,11.3743,-923.014,1.56304,0.4094
2720000,3,11.2509,-925.716,0.800702,0.4327
2730000,2,6.79458,-919.472,0.894986,0.3971
2740000,3,5.64091,-921.698,3.40404,0.432937
2750000,7,4.87541,-927.342,5.48555,0.41375
2760000,3,9.76752,-927.654,1.39626,0.418522
2770000,4,7.34116,-922.965,5.08519,0.4249
2780000,1,4.98175,-925.831,0.564126,0.419978
2790000,7,10.7377,-915.663,4.09121,0.43198
2800000,2,5.8281,-918.019,3.21635,0.3998
2810000,2,4.28214,-925.416,2.80942,0.4162
2820000,1,5.69769,-924.98,0.432604,0.420471
2830000,1,4.01378,-929.303,2.03531,0.4049
2840000,1,5.14474,-926.039,0.204736,0.4161
2850000,2,7.37785,-921.6,0.743712,0.41272
2860000,4,11.1338,-921.853,2.10699,0.408
2870000,5,10.3509,-919.543,4.0322,0.41896
2880000,5,3.20579,-920.653,2.03422,0.44315
2890000,1,5.749,-927.595,0.317317,0.4238
2900000,1,6.00478,-926.328,0.390863,0.423967
2910000,5,15.5183,-924.908,1.28451,0.4332
2920000,2,6.53635,-919.032,0.276198,0.422
2930000,1,5.55281,-926.803,0.746781,0.4182
2940000,1,4.89186,-929.492,0.585752,0.42921
2950000,1,4.00255,-929.673,1.0837,0.4251
2960000,3,8.8106,-920.554,1.09572,0.3935
2970000,1,4.34974,-928.349,1.57434,0.429183
2980000,2,7.06901,-923.858,1.82798,0.422253
2990000,1,4.91123,-929.421,1.17016,0.427367
3000000,4,9.58486,-917.076,1.34515,0.424167
3010000,2,6.14637,-922.867,2.17811,0.41615
3020000,2,4.58856,-927.499,1.26278,0.4243
3030000,3,7.02481,-925.702,0.955642,0.40804
3040000,5,11.1108,-920.96,3.42122,0.4236
3050000,2,4.26003,-920.756,2.50407,0.433633
3060000,1,2.47281,-930.636,0.908547,0.4107
3070000,1,3.4815,-927.283,0.77513,0.3987
3080000,1,2.78729,-929.386,1.36242,0.421967
3090000,1,5.064,-925.014,0.412727,0.41935
3100000,1,4.32285,-925.914,0.814025,0.4308
3110000,2,8.03425,-925.317,1.12872,0.4228
3120000,3,6.22542,-922.414,0.863956,0.40525
3130000,4,8.51537,-919.634,1.4102,0.405
3140000,1,4.98424,-926.944,0.543534,0.427333
3150000,2,4.97087,-932.728,3.85694,0.410673
3160000,2,6.7421,-923.636,0.552725,0.423733
3170000,5,7.49248,-923.827,5.39437,0.4305
3180000,1,-0.390854,-929.495,1.92494,0.420967
3190000,2,5.91277,-923.829,1.62181,0.404838
3200000,1,3.518,-924.888,1.60156,0.42255
3210000,1,2.70247,-926.291,2.17566,0.4385
3220000,6,12.7901,-925.083,4.28626,0.4488
3230000,2,4.36444,-928.238,1.86349,0.410983
3240000,4,10.3142,-922.265,1.9094,0.4623
3250000,2,4.03025,-926.066,1.91735,0.4211
3260000,1,4.69324,-926.165,0.486968,0.429171
3270000,2,6.71832,-926.312,2.27846,0.4292
3280000,1,5.2468,-926.283,1.10423,0.4323
3290000,2,6.49203,-922.24,2.27138,0.4252
3300000,2,4.38527,-922.375,2.57427,0.429029
3310000,3,6.70536,-920.681,2.05485,0.43018
3320000,1,5.28383,-925.864,0.566071,0.42358
3330000,3,6.33423,-918.483,2.38135,0.4148
3340000,2,4.60181,-928.418,2.76476,0.425533
3350000,3,7.86925,-920.753,1.5797,0.421817
3360000,1,3.646,-932.984,2.19806,0.425025
3370000,1,5.83003,-930.472,0.420812,0.43
3380000,2,4.175,-922.417,1.69937,0.42518
3390000,1,5.24245,-926.325,0.608566,0.42165
3400000,1,4.86359,-926.653,0.978732,0.394333
3410000,3,8.9838,-921.163,2.07313,0.42145
3420000,3,8.33871,-924.814,1.74465,0.4181
3430000,2,7.97677,-922.881,0.595217,0.44195
3440000,4,13.2971,-926.714,1.70561,0.4254
3450000,1,5.22903,-925.703,0.326907,0.4253
3460000,2,4.84374,-930.272,1.77801,0.4012
3470000,2,8.14399,-920.791,1.55165,0.4264
3480000,3,8.56244,-921.859,2.7257,0.41193
3490000,4,9.01806,-928.449,3.84928,0.429
3500000,1,1.89021,-928.273,3.45021,0.41245
3510000,2,7.31166,-924.507,1.18166,0.423086
3520000,1,4.44632,-930.241,1.82014,0.4251
3530000,2,7.05397,-922.132,1.53065,0.4476
3540000,4,8.05942,-920.362,5.38788,0.4388
3550000,2,4.74552,-922.573,1.35884,0.428667
3560000,2,5.72652,-927.812,2.71344,0.416533
3570000,2,3.89451,-923.623,1.90309,0.42685
3580000,1,4.62643,-927.755,1.23479,0.431909
3590000,2,4.78627,-929.436,2.35595,0.43398
3600000,3,7.42788,-918.28,1.39314,0.429625
3610000,4,8.65088,-930.194,2.60453,0.418675
3620000,3,9.84731,-925.792,1.10209,0.43665
3630000,1,5.75826,-927.484,0.42092,0.42245
3640000,3,6.5526,-929.824,1.51996,0.43705
3650000,1,5.32273,-934.537,0.383956,0.420829
3660000,3,5.97401,-923.179,3.49183,0.39895
3670000,3,4.71875,-923.225,3.91059,0.40065
3680000,2,5.8783,-923.578,1.22267,0.3882
3690000,3,7.79703,-934.04,1.79254,0.40992
3700000,2,4.8917,-931.783,2.15759,0.4008
3710000,4,9.53983,-920.131,2.35482,0.42458
3720000,3,4.12657,-920.763,1.28841,0.4317
3730000,2,6.80859,-921.525,1.23681,0.4324
3740000,4,7.37517,-925.47,4.75716,0.4154
3750000,4,12.3258,-914.641,2.66813,0.410833
3760000,3,9.44748,-921.605,1.40068,0.4538
3770000,2,8.49991,-922.229,0.986434,0.4456
3780000,4,10.4529,-919.838,2.6692,0.4779
3790000,1,5.0437,-927.273,0.350175,0.44105
3800000,3,6.61939,-927.587,1.62942,0.4416
3810000,2,5.16182,-924.422,1.1228,0.442571
3820000,3,8.82195,-923.553,1.36527,0.4353
3830000,1,5.19665,-931.678,0.502585,0.431238
3840000,2,6.74769,-927.894,2.02423,0.41505
3850000,1,4.36245,-926.934,0.29252,0.41105
3860000,3,5.67185,-921.236,2.1163,0.42722
3870000,1,5.07769,-930.905,1.18512,0.44465
3880000,3,7.1163,-928.511,0.824252,0.4162
3890000,2,6.2827,-925.582,1.94378,0.3896
3900000,3,4.27284,-926.716,4.30136,0.431067
3910000,2,5.81373,-927.584,1.70563,0.41775
3920000,1,4.24064,-928.816,1.0635,0.39515
3930000,2,7.949,-922.741,0.904519,0.422233
3940000,4,9.22609,-923.021,1.77916,0.41148
3950000,3,11.2411,-927.023,0.606894,0.42195
3960000,6,14.6491,-922.213,2.58375,0.4492
3970000,2,6.25242,-925.222,0.649849,0.40284
3980000,3,5.33749,-920.378,2.12677,0.423014
3990000,4,9.87894,-918.485,1.65321,0.43388
4000000,2,6.73967,-920.532,0.755832,0.445875
4010000,2,6.97643,-920.085,0.87834,0.4576
4020000,3,5.86846,-919.942,1.14123,0.4199
4030000,3,3.94331,-928.633,2.40426,0.4316
4040000,1,5.22362,-927.761,0.594536,0.4212
4050000,3,6.79111,-920.981,1.72814,0.429929
4060000,3,9.34932,-921.604,1.62297,0.4085
4070000,2,5.66217,-921.494,2.81333,0.394
4080000,2,6.93453,-926.435,1.3483,0.421125
4090000,3,10.4388,-917.905,1.17056,0.4389
4100000,2,8.27421,-922.733,0.599877,0.423067
4110000,7,17.3616,-915.67,2.87331,0.4305
4120000,1,5.31625,-927.423,0.285185,0.4251
4130000,4,11.7444,-913.417,1.59435,0.419527
4140000,3,6.69835,-928.911,2.87057,0.4271
4150000,1,2.66814,-927.354,1.19274,0.4328
4160000,2,5.99102,-923.118,1.73984,0.422547
4170000,2,8.94863,-920.163,0.900953,0.4171
4180000,1,1.24676,-926.98,2.94329,0.43128
4190000,1,5.18347,-928.494,0.79456,0.434462
4200000,3,8.42859,-923.309,2.00696,0.435033
4210000,1,5.15141,-927.616,0.561344,0.399267
4220000,5,12.7138,-921.579,1.80891,0.42505
4230000,3,6.39812,-926.115,1.70925,0.4327
4240000,1,2.3374,-932.48,1.36139,0.4304
4250000,1,4.72508,-934.452,0.606448,0.41785
4260000,1,5.64507,-927.467,0.351696,0.41
4270000,3,7.84953,-925.353,3.03062,0.41445
4280000,3,6.04406,-927.711,1.78406,0.42505
4290000,1,5.58164,-927.199,0.244029,0.4122
4300000,2,6.52785,-925.865,2.43484,0.420345
4310000,2,6.57496,-924.462,0.800181,0.45375
4320000,3,5.60079,-921.021,1.68882,0.4242
4330000,2,5.39404,-921.014,1.64335,0.41935
4340000,3,9.989,-929.068,1.08241,0.432962
4350000,3,8.95748,-917.214,0.713221,0.4529
4360000,5,11.1894,-913.779,2.58847,0.434233
4370000,5,8.49398,-919.874,5.3781,0.4262
4380000,2,3.89296,-926.458,1.67373,0.425657
4390000,2,6.1642,-926.005,0.433967,0.4331
4400000,1,4.43812,-927.188,0.67978,0.43125
4410000,4,8.96656,-924.32,2.13006,0.427975
4420000,2,4.91262,-920.443,1.52244,0.44145
4430000,4,9.9342,-917.513,3.36279,0.4415
4440000,3,8.13318,-918.722,1.51212,0.4558
4450000,2,7.32479,-926.954,1.41371,0.42625
4460000,2,3.91085,-926.844,0.992682,0.4305
4470000,1,5.5392,-928.056,0.502961,0.430167
4480000,2,3.63831,-923.168,3.08474,0.432
4490000,1,4.92633,-928.445,0.909693,0.41228
4500000,4,12.758,-921.348,1.73238,0.4063
4510000,2,8.92359,-920.779,0.419596,0.435133
4520000,3,5.79118,-923.352,2.24057,0.4362
4530000,6,11.6708,-928.749,2.54351,0.41762
4540000,1,5.19956,-930.701,0.990225,0.421988
4550000,1,5.53811,-929.025,0.63625,0.428333
4560000,2,8.45155,-921.201,0.384331,0.463
4570000,1,5.27089,-929.637,0.41238,0.401067
4580000,2,4.69705,-922.887,2.11742,0.437914
4590000,5,8.22284,-921.266,2.13054,0.4294
4600000,2,6.83151,-921.393,1.98279,0.4105
4610000,1,5.46321,-928.083,0.0928321,0.41346
4620000,1,4.56678,-926.732,0.946081,0.4
4630000,1,5.30734,-924.84,0.492134,0.4122
4640000,4,10.1283,-924.18,3.65556,0.45625
4650000,1,4.96,-930.815,0.980765,0.4046
4660000,2,4.40056,-921.838,1.52316,0.429729
4670000,1,4.37132,-927.75,0.55489,0.4147
4680000,1,5.493,-929.074,0.134859,0.4175
4690000,4,9.13937,-919.967,2.02526,0.42545
4700000,3,10.9676,-922.199,1.44742,0.4216
4710000,1,3.55471,-932.847,1.74656,0.42605
4720000,4,2.68542,-926.861,5.4427,0.436287
4730000,1,1.28623,-928.24,1.74825,0.4391
4740000,2,6.7768,-917.329,0.232987,0.4379
4750000,2,5.4335,-920.66,1.48943,0.43424
4760000,4,10.6973,-915.896,2.58207,0.42975
4770000,2,5.72077,-922.727,0.960795,0.43875
4780000,1,5.02039,-925.911,1.27264,0.42535
4790000,2,4.13362,-927.004,2.27972,0.419133
4800000,2,6.2547,-921.537,2.31098,0.427944
4810000,1,5.20334,-927.655,1.13683,0.4219
4820000,4,11.4134,-919.632,1.864,0.41672
4830000,3,5.2089,-915.755,1.94151,0.4507
4840000,3,7.46595,-922.91,1.06675,0.4533
4850000,1,4.28464,-929.184,1.27655,0.41532
4860000,5,10.766,-922.759,4.45601,0.423875
4870000,2,7.44795,-919.12,1.82092,0.4488
4880000,1,0.677099,-927.519,1.3415,0.432267
4890000,1,5.44302,-928.529,0.247625,0.4213
4900000,1,4.22889,-927.186,0.986895,0.42905
4910000,3,0.403372,-922.44,3.07147,0.40735
4920000,2,7.96863,-929.25,0.328895,0.41278
4930000,1,5.08796,-928.55,0.642351,0.4151
4940000,1,4.70813,-929.538,1.03749,0.432717
4950000,1,0.571488,-929.775,0.636559,0.40518
4960000,1,4.29158,-925.947,1.781,0.4076
4970000,4,3.28527,-920.241,3.59657,0.4118
4980000,2,5.96279,-919.68,1.56236,0.409225
4990000,2,4.98957,-925.396,2.64299,0.404
5000000,3,9.17603,-928.402,2.42129,0.4441
5010000,2,7.36224,-927.115,2.27329,0.412175
5020000,4,6.54622,-913.397,5.80617,0.43025
5030000,5,12.3065,-914.68,2.42448,0.4461
5040000,1,5.41655,-928.965,0.145257,0.4316
5050000,1,4.94726,-924.435,0.711921,0.4142
5060000,2,6.35089,-922.572,2.21254,0.4338
5070000,3,2.47195,-920.653,4.27236,0.4286
5080000,1,4.85492,-927.083,1.19199,0.4093
5090000,1,4.30899,-923.497,0.727097,0.42885
5100000,1,4.1009,-928.237,1.33694,0.426329
5110000,1,1.80737,-927.84,1.25169,0.4274
5120000,3,8.73513,-924.148,2.44792,0.4109
5130000,2,6.89919,-924.744,0.718481,0.4195
5140000,1,5.2329,-928.407,0.361725,0.4256
5150000,1,4.13405,-926.34,0.417141,0.427133
5160000,2,6.79958,-924,1.12705,0.4271
5170000,1,2.93921,-927.33,2.4445,0.43385
5180000,2,6.99162,-927.024,2.21519,0.4169
5190000,2,4.38625,-930.502,1.81611,0.41526
5200000,3,7.25295,-926.379,2.08699,0.42025
5210000,6,7.14159,-922.145,5.35139,0.4247
5220000,3,4.45268,-918.761,4.95404,0.4471
5230000,1,4.71776,-925.641,1.56425,0.41315
5240000,3,9.69587,-927.361,1.86076,0.4117
5250000,1,5.66803,-926.469,0.475429,0.417948
5260000,2,1.69035,-927.339,1.76207,0.415725
5270000,2,4.61185,-922.81,2.51402,0.4102
5280000,3,10.8532,-923.5,1.29966,0.4098
5290000,1,4.08457,-929.337,0.5946,0.4148
5300000,3,10.365,-924.399,2.03724,0.44005
5310000,2,7.22758,-925.202,1.21362,0.420033
5320000,1,3.18096,-925.024,2.36074,0.416917
5330000,2,5.60895,-924.551,2.1174,0.4177
5340000,1,4.53695,-928.138,0.456292,0.4146
5350000,1,4.16656,-925.627,1.37759,0.4225
5360000,1,5.51652,-924.932,0.57024,0.411767
5370000,1,3.90933,-926.65,1.39992,0.4139
5380000,5,10.6042,-923.532,3.53129,0.4104
5390000,1,3.95386,-925.231,1.24065,0.3961
5400000,5,16.222,-919.205,1.52709,0.420683
5410000,5,11.0276,-908.718,2.19964,0.424927
5420000,2,7.33503,-920.834,1.11938,0.43725
5430000,3,10.3082,-919.972,0.73799,0.44035
5440000,3,5.00019,-925.256,1.8791,0.43055
5450000,1,5.52938,-926.232,0.601639,0.42982
5460000,1,4.35357,-926.516,1.85395,0.428514
5470000,2,5.23341,-927.385,3.09465,0.413
5480000,1,5.29041,-930.713,1.1393,0.4177
5490000,2,6.8384,-932.161,1.20208,0.4131
5500000,7,18.2886,-913.565,2.67533,0.41655
5510000,2,4.93997,-930.431,0.903632,0.4266
5520000,3,8.76555,-924.954,2.78993,0.426083
5530000,5,10.6741,-919.185,3.36756,0.4297
5540000,3,9.07724,-929.657,1.64728,0.4427
5550000,3,6.42132,-923.448,3.28479,0.4429
5560000,2,6.2845,-929.413,2.78666,0.435457
5570000,1,5.17221,-925.064,1.00269,0.41464
5580000,4,12.0524,-929.766,1.23107,0.429233
5590000,3,9.36754,-921.807,1.48759,0.4182
5600000,1,4.71571,-931.068,0.934338,0.41754
5610000,1,4.94273,-928.946,0.91975,0.4266
5620000,3,7.89539,-921.234,2.14221,0.4074
5630000,2,2.82439,-932.763,0.595855,0.427186
5640000,2,7.50294,-919.364,1.30132,0.4075
5650000,3,7.29039,-921.883,2.14692,0.4163
5660000,3,8.33399,-916.314,2.04183,0.419625
5670000,2,5.85663,-921.995,1.98318,0.420967
5680000,1,4.47638,-925.414,1.6577,0.4341
5690000,1,4.18875,-925.052,0.86472,0.4119
5700000,4,9.59152,-924.488,2.55247,0.415233
5710000,2,7.82122,-924.153,0.587684,0.4
5720000,2,4.81497,-927.77,2.33098,0.415814
5730000,1,5.50664,-929.288,0.348115,0.436
5740000,1,5.13059,-927.048,0.424955,0.421825
5750000,2,7.23594,-920.327,1.44244,0.416625
5760000,2,6.70981,-924.763,0.506671,0.443286
5770000,1,4.13211,-928.146,1.05031,0.44365
5780000,1,4.77622,-926.753,1.56201,0.4307
5790000,1,3.46841,-931.2,0.919872,0.4034
5800000,1,0.1107,-928.208,2.26042,0.427457
5810000,1,5.12735,-929.019,0.473489,0.4203
5820000,4,10.4793,-916.288,3.30776,0.41745
5830000,2,5.47062,-926.328,0.493847,0.4301
5840000,2,3.02783,-926.072,0.93986,0.40452
5850000,1,4.37439,-926.529,1.55118,0.422175
5860000,2,4.66752,-925.277,1.1422,0.407
5870000,3,10.0387,-917.716,1.42113,0.430575
5880000,4,8.73863,-919.647,1.63758,0.4362
5890000,1,4.72092,-926.53,0.956081,0.421129
5900000,3,8.55496,-924.855,1.58228,0.433633
5910000,1,2.13293,-926.838,1.37079,0.4183
5920000,2,7.31587,-927.581,1.11542,0.41945
5930000,1,4.44789,-926.372,0.793384,0.4185
5940000,5,7.00355,-913.906,4.8833,0.452567
5950000,2,7.69363,-928.011,0.821044,0.40485
5960000,4,6.56394,-913.76,2.81169,0.432025
5970000,1,1.82607,-924.266,0.614594,0.42634
5980000,2,2.01334,-928.114,0.925773,0.42635
5990000,1,4.33362,-929.202,0.473284,0.411325
6000000,1,5.59401,-929.512,0.895046,0.4264
6010000,1,5.78517,-928.57,0.546835,0.415525
6020000,2,8.3325,-920.445,1.1764,0.4116
6030000,1,4.19673,-930.803,1.49542,0.3952
6040000,3,8.02901,-921.647,2.06222,0.43568
6050000,1,3.34733,-929.726,1.65262,0.40145
6060000,3,7.70819,-926.274,1.91275,0.411883
6070000,1,4.97371,-924.575,0.85119,0.41686
6080000,1,3.89272,-927.007,1.43622,0.4158
6090000,2,4.16364,-927.259,0.262766,0.4158
6100000,1,4.89865,-924.891,0.959588,0.415767
6110000,3,6.99218,-922.226,3.74018,0.432
6120000,3,8.40775,-917.508,2.08858,0.4583
6130000,3,9.5999,-924.322,2.19637,0.41062
6140000,2,7.54538,-928.421,0.739332,0.4083
6150000,3,10.0771,-924.383,1.00165,0.4064
6160000,1,4.34436,-926.363,1.59394,0.433857
6170000,2,7.88464,-927.268,1.07625,0.43206
6180000,1,4.47025,-925.145,0.327661,0.419254
6190000,1,4.75696,-926.464,0.778348,0.4173
6200000,6,14.9905,-919.803,2.40335,0.4237
6210000,3,7.7309,-928.077,1.52289,0.4423
6220000,2,6.44503,-925.743,1.89859,0.43555
6230000,4,9.06539,-917.725,2.39525,0.421617
6240000,4,13.1221,-919.621,1.42023,0.447067
6250000,1,5.36496,-925.89,0.624002,0.43175
6260000,1,6.37723,-927.187,0.36059,0.42105
6270000,1,2.78576,-929.708,0.640857,0.4355
6280000,1,5.96779,-926.763,0.152246,0.415533
6290000,2,5.60922,-926.83,0.852132,0.414014
6300000,1,3.58608,-926.359,1.11786,0.401
6310000,1,4.91128,-925.755,1.32514,0.42992
6320000,1,3.43301,-925.429,2.09461,0.4157
6330000,7,11.562,-919.669,4.81828,0.420733
6340000,3,9.68173,-916.644,2.46333,0.44255
6350000,2,6.96591,-924.481,1.58016,0.41374
6360000,1,4.69709,-925.677,1.02226,0.414057
6370000,3,4.84139,-924.461,3.19514,0.429
6380000,1,4.73955,-927.94,0.812028,0.43175
6390000,3,6.81378,-920.194,2.33742,0.4251
6400000,1,5.63757,-928.674,0.774104,0.4137
6410000,2,3.85285,-928.31,3.93304,0.4225
6420000,1,6.12218,-926.501,0.233498,0.431425
6430000,2,7.20929,-932.195,0.399873,0.416667
6440000,2,6.40052,-921.993,2.28685,0.426527
6450000,1,2.11755,-926.56,0.284377,0.42945
6460000,1,6.03072,-924.916,0.163589,0.4158
6470000,2,4.46445,-924.723,1.57427,0.4234
6480000,7,14.1197,-917.266,5.93109,0.4262
6490000,2,5.40168,-923.921,1.19842,0.414933
6500000,3,9.87202,-917.747,1.13533,0.43465
6510000,2,3.27096,-918.964,2.95325,0.4231
6520000,4,10.8686,-921.733,2.20134,0.4295
6530000,2,7.30626,-929.914,1.84789,0.4309
6540000,7,12.493,-916.596,8.69968,0.4244
6550000,3,5.17457,-924.594,3.35509,0.4341
6560000,2,5.11786,-926.308,1.84352,0.428343
6570000,6,9.38297,-921.463,4.06624,0.41285
6580000,2,6.99505,-917.64,1.37827,0.4466
6590000,3,8.7481,-925.099,0.484609,0.4388
6600000,3,9.68606,-926.251,0.794591,0.425563
6610000,4,10.5717,-921.61,1.88556,0.4365
6620000,1,4.49732,-926.328,1.65643,0.425133
6630000,2,2.08855,-930.351,2.55196,0.4182
6640000,1,5.23493,-924.819,0.820709,0.422167
6650000,2,6.8455,-927.459,1.09768,0.43576
6660000,2,5.28327,-928.65,2.46678,0.433038
6670000,2,7.1067,-922.354,0.58482,0.439
6680000,1,2.13419,-928.422,1.58572,0.4145
6690000,5,8.74132,-918.613,2.83025,0.42676
6700000,1,4.31917,-926.932,1.38806,0.4014
6710000,1,4.58198,-928.126,1.23155,0.436875
6720000,1,4.12864,-926.623,1.74534,0.40825
6730000,1,5.09785,-924.457,0.938862,0.4048
6740000,2,4.77008,-922.972,1.93311,0.426809
6750000,2,4.61684,-931.785,1.9948,0.4278
6760000,1,4.96827,-925.5,0.433116,0.4066
6770000,3,7.31048,-928.528,2.70068,0.41988
6780000,1,5.71219,-927.175,0.464455,0.425056
6790000,1,2.0566,-927.002,0.0442339,0.4034
6800000,3,10.0842,-917.656,1.3845,0.41905
6810000,1,4.47531,-931.04,1.22001,0.416675
6820000,2,8.37695,-926.307,0.763957,0.4203
6830000,1,6.14974,-925.906,0.143557,0.408083
6840000,3,7.3978,-920.594,2.68523,0.4275
6850000,4,12.3577,-921.975,1.17629,0.41136
6860000,2,4.43331,-925.282,1.42116,0.414467
6870000,1,4.11513,-937.714,0.693511,0.418488
6880000,4,9.85145,-925.905,1.97884,0.4038
6890000,2,5.48137,-923.378,1.05959,0.40615
6900000,2,6.61471,-927.468,1.65215,0.40645
6910000,2,7.87606,-920.695,1.37971,0.43075
6920000,3,9.70387,-918.718,2.30642,0.4229
6930000,1,5.521,-930.949,0.322499,0.406922
6940000,1,4.68657,-927.758,0.82712,0.4038
6950000,1,5.60643,-926.013,0.225993,0.40162
6960000,1,4.44668,-924.821,0.889844,0.42065
6970000,2,6.49578,-928.896,1.04134,0.41755
6980000,1,5.51278,-927.511,0.395651,0.40151
6990000,1,5.24457,-930.349,0.570021,0.423233
7000000,1,4.93051,-929.844,0.150742,0.41445
7010000,1,5.00566,-926.222,0.764609,0.4162
7020000,3,9.9591,-922.068,0.431757,0.42735
7030000,1,1.20113,-930.029,3.51638,0.41478
7040000,1,6.09011,-926.688,0.192076,0.42315
7050000,1,4.25005,-929.368,2.14476,0.40855
7060000,2,8.0233,-920.145,0.670823,0.40285
7070000,2,7.67783,-925.972,1.29357,0.410733
7080000,3,8.01426,-925.435,1.56619,0.434167
7090000,2,7.83048,-920.639,1.31558,0.4386
7100000,1,4.77186,-927.253,1.25566,0.432725
7110000,3,6.5305,-928.448,1.77961,0.4189
7120000,1,1.56615,-930.263,1.52117,0.417225
7130000,1,5.74405,-927.297,0.402096,0.4231
7140000,1,4.92818,-926.017,1.1206,0.427824
7150000,1,5.23607,-928.711,0.647255,0.4173
7160000,5,7.35842,-921.619,4.33772,0.433
7170000,3,5.5836,-926.305,3.37653,0.420875
7180000,2,5.77347,-921.316,2.95385,0.43585
7190000,2,9.08672,-920.554,0.918303,0.44484
7200000,3,8.24425,-922.905,2.88842,0.4366
7210000,1,4.22388,-926.587,0.6598,0.423467
7220000,3,11.0106,-928.736,1.28646,0.428236
7230000,1,2.25659,-925.572,0.723122,0.412
7240000,2,7.52838,-922.114,0.874314,0.4207
7250000,3,9.47028,-924.504,1.03012,0.4272
7260000,2,6.58911,-927.564,1.42761,0.43605
7270000,5,5.92326,-921.29,5.24547,0.4336
7280000,1,5.12209,-924.307,0.536579,0.43064
7290000,2,3.97482,-922.071,2.76785,0.427013
7300000,3,10.6955,-917.574,1.22331,0.4218
7310000,3,8.79559,-919.602,2.0404,0.42548
7320000,1,5.44546,-925.639,0.614627,0.43705
7330000,3,10.7114,-933.795,0.457457,0.4219
7340000,2,8.4991,-922.288,0.607384,0.43095
7350000,2,5.36896,-924.21,2.54703,0.4133
7360000,2,7.50592,-919.506,1.19888,0.4201
7370000,2,2.8662,-919.892,3.43984,0.438
7380000,3,9.88691,-919.918,1.21783,0.429618
7390000,1,4.96323,-930.077,0.564612,0.4057
7400000,2,7.59727,-922.509,0.819189,0.4469
7410000,1,5.38259,-931.553,0.554729,0.42565
7420000,1,5.7831,-925.406,0.230371,0.4411
7430000,2,7.4571,-924.328,0.290479,0.4094
7440000,2,6.50352,-923.756,2.66507,0.3733
7450000,4,8.51807,-917.608,3.3592,0.42535
7460000,2,5.15303,-925.978,1.38431,0.421357
7470000,3,10.3572,-921.174,0.587455,0.45855
7480000,1,3.53978,-926.665,0.798059,0.4343
7490000,2,5.82326,-923.684,0.294096,0.425944
7500000,4,3.66133,-923.778,2.31684,0.410767
7510000,1,5.07269,-928.222,0.483995,0.436033
7520000,3,10.2451,-925.135,0.598729,0.427667
7530000,3,6.09573,-921.126,1.62886,0.4221
7540000,2,8.3592,-928.665,1.19473,0.42575
7550000,1,5.9561,-925.166,0.141294,0.4191
7560000,1,5.23417,-926.181,0.949026,0.423614
7570000,2,5.21679,-923.647,1.29739,0.4058
7580000,1,4.90551,-927.177,0.106568,0.423325
7590000,2,6.07607,-928.291,0.331419,0.41145
7600000,2,-0.739268,-927.465,3.67,0.4262
7610000,3,5.36658,-926.507,1.38817,0.413775
7620000,1,5.21356,-928.283,0.453265,0.40925
7630000,1,5.74092,-930.366,0.343611,0.41714
7640000,2,2.15846,-926.137,2.85151,0.40742
7650000,1,3.23282,-927.049,1.5289,0.428867
7660000,3,2.3984,-924.421,1.88985,0.41756
7670000,1,4.90979,-926.402,0.883481,0.42835
7680000,3,10.5258,-926.865,0.903577,0.42235
7690000,2,4.55522,-923.195,2.19324,0.42375
7700000,2,8.35161,-924.859,0.227386,0.418483
7710000,2,5.60804,-918.992,2.35925,0.454
7720000,2,5.51767,-930.162,1.21136,0.429114
7730000,2,6.23899,-922.879,1.11138,0.43244
7740000,1,4.70788,-928.425,0.274984,0.4286
7750000,2,3.77419,-927.111,0.715751,0.41965
7760000,3,4.26615,-926.8,3.08902,0.42395
7770000,3,8.88339,-916.046,0.153736,0.4369
7780000,4,8.8919,-918.349,4.35753,0.44
7790000,1,5.66616,-925.904,0.222217,0.422214
7800000,1,4.38401,-926.042,2.10754,0.419891
7810000,2,7.65114,-928.962,1.34703,0.407
7820000,1,3.79977,-926.684,0.420555,0.442
7830000,1,5.13608,-927.438,0.829747,0.4361
7840000,2,8.2356,-929.109,1.04987,0.428033
7850000,2,6.2854,-920.785,0.965123,0.4134
7860000,3,8.41902,-917.646,1.72926,0.401267
7870000,1,4.73313,-926.292,0.271347,0.4281
7880000,1,5.21673,-927.059,0.74689,0.4018
7890000,3,8.82256,-929.897,2.86135,0.4319
7900000,3,0.162559,-924.643,4.45393,0.4102
7910000,1,5.44573,-926.889,0.523846,0.412055
7920000,3,5.79205,-926.686,0.641838,0.4126
7930000,2,6.29706,-929.339,1.71748,0.409929
7940000,4,5.51879,-930.296,6.5765,0.421544
7950000,1,4.84586,-930.713,0.768805,0.418467
7960000,2,5.66378,-921.818,1.20772,0.40798
7970000,2,7.73182,-920.739,0.63817,0.4356
7980000,3,8.31731,-923.396,0.375185,0.4157
7990000,1,4.53925,-926.26,1.51185,0.4206
8000000,1,3.91127,-930.625,0.712394,0.413667
8010000,2,5.69318,-931.754,2.42764,0.4019
8020000,1,5.68241,-929.802,0.276227,0.408614
8030000,2,3.88317,-928.14,2.7869,0.412933
8040000,4,9.94297,-914.625,1.23384,0.423983
8050000,1,4.22983,-925.352,1.3128,0.4386
8060000,4,12.3142,-925.511,2.1393,0.443167
8070000,1,5.33905,-926.984,0.72291,0.4065
8080000,4,10.4511,-911.137,2.22326,0.417186
8090000,1,4.71492,-925.175,0.362427,0.431775
8100000,3,2.8345,-932.675,4.50472,0.428067
8110000,2,2.43003,-922.967,1.00316,0.41045
8120000,5,8.35406,-922.381,2.12246,0.41967
8130000,2,2.96677,-924.522,1.38895,0.4534
8140000,3,9.64432,-919.304,1.91159,0.4007
8150000,2,4.33613,-924.926,4.42771,0.430525
8160000,1,5.24202,-927.471,0.920634,0.4245
8170000,2,5.83434,-919.665,1.6504,0.4205
8180000,3,8.64511,-922.408,1.88559,0.42972
8190000,3,4.88001,-920.545,2.19554,0.388
8200000,1,5.39591,-927.821,0.938425,0.4195
8210000,1,5.11243,-930.741,0.569339,0.4182
8220000,2,6.15893,-924.148,1.98911,0.417212
8230000,2,4.70254,-927.766,1.74815,0.42385
8240000,3,4.08719,-921.824,2.72468,0.41
8250000,2,5.60342,-921.37,0.735561,0.4032
8260000,2,6.72616,-926.41,1.29439,0.418786
8270000,1,5.4845,-926.889,0.941315,0.4188
8280000,2,6.24138,-919.566,0.37988,0.422375
8290000,2,6.31058,-925.84,1.95394,0.4077
8300000,4,6.66626,-915.681,3.03711,0.4156
8310000,1,3.08739,-929.524,1.12675,0.44215
8320000,3,5.34724,-920.537,2.43995,0.39495
8330000,1,5.47088,-927.898,0.223982,0.4227
8340000,3,9.04078,-921.921,1.90576,0.41805
8350000,1,4.7464,-926.996,0.758044,0.419789
8360000,4,9.56815,-918.972,3.2786,0.40632
8370000,3,9.02073,-920.398,1.48193,0.422467
8380000,1,5.02763,-926.204,0.730942,0.42362
8390000,1,5.39405,-925.712,0.60481,0.4045
8400000,1,5.51611,-927.171,0.320452,0.4151
8410000,3,7.43625,-922.807,1.15007,0.431
8420000,1,4.48825,-924.374,0.28206,0.4119
8430000,2,6.64949,-924.319,1.20042,0.41835
8440000,4,4.36946,-921.444,2.62438,0.425662
8450000,4,8.19001,-922.896,2.07311,0.42676
8460000,1,2.95887,-932.588,2.71859,0.4293
8470000,1,3.35612,-925.083,2.64106,0.419275
8480000,2,4.21195,-927.731,3.28206,0.425017
8490000,3,10.2436,-914.608,1.00559,0.4274
8500000,3,8.5557,-921.889,2.56931,0.4327
8510000,3,10.1487,-925.257,0.92829,0.414233
8520000,1,6.14346,-928.426,0.224227,0.41276
8530000,3,9.3323,-924.974,2.56632,0.4199
8540000,1,3.05966,-927.11,2.2616,0.42325
8550000,1,5.95162,-927.189,0.367426,0.44705
8560000,3,8.9578,-925.18,1.95116,0.43078
8570000,1,2.84843,-925.627,2.17549,0.423071
8580000,2,6.0465,-924.357,0.822877,0.41225
8590000,2,0.769004,-927.409,5.14121,0.443
8600000,2,7.92127,-923.329,1.04013,0.410783
8610000,3,9.22216,-919.266,2.66482,0.42505
8620000,1,4.05973,-925.05,0.787024,0.4263
8630000,1,5.01109,-925.842,0.815455,0.429613
8640000,2,6.97509,-927.379,0.741667,0.429829
8650000,2,6.92975,-926.556,1.12888,0.4256
8660000,1,4.73221,-926.328,0.491468,0.4126
8670000,1,4.03537,-923.869,0.236706,0.421683
8680000,2,3.40296,-927.108,2.03449,0.3962
8690000,1,4.21927,-927.465,1.364,0.4084
8700000,2,6.45089,-927.365,1.92703,0.4521
8710000,1,3.98842,-926.364,2.03778,0.4153
8720000,2,7.96716,-927.745,1.10822,0.4316
8730000,1,5.44575,-925.49,0.519596,0.427
8740000,2,5.72549,-925.989,1.09105,0.4274
8750000,2,5.04961,-926.033,0.643747,0.423567
8760000,2,3.79788,-926.108,1.02315,0.426575
8770000,1,4.75465,-932.418,0.116767,0.4209
8780000,1,4.84103,-931.846,1.31779,0.4183
8790000,4,5.99963,-923.849,2.10579,0.431167
8800000,3,10.5628,-921.1,1.09809,0.4653
8810000,2,8.65121,-920.496,0.555705,0.4347
8820000,1,2.34276,-926.764,0.930617,0.433875
8830000,3,9.17252,-921.928,1.07835,0.431989
8840000,1,5.11779,-927.31,0.499866,0.424325
8850000,2,6.72723,-922.393,1.33474,0.422367
8860000,1,3.63905,-929.397,2.31096,0.4112
8870000,2,7.66069,-927.127,2.02697,0.42715
8880000,1,1.94016,-928.957,1.85183,0.42024
8890000,2,4.37792,-924.442,3.03289,0.4253
8900000,1,6.50607,-928.392,0.110052,0.4192
8910000,2,4.90206,-921.721,1.61348,0.4421
8920000,4,10.5169,-919.67,3.56372,0.427812
8930000,4,7.4836,-918.565,2.58668,0.422686
8940000,2,7.99375,-920.717,1.29743,0.433
8950000,3,5.88219,-925.082,0.66414,0.4275
8960000,1,5.76245,-926.366,0.635323,0.4237
8970000,4,5.27267,-923.503,1.50039,0.436
8980000,2,6.59981,-924.393,2.32801,0.42965
8990000,2,7.40556,-923.724,1.60603,0.4319
9000000,1,4.5138,-925.329,0.971129,0.4452
9010000,1,5.50587,-925.113,0.785092,0.4168
9020000,3,0.252269,-917.821,2.06961,0.428527
9030000,2,7.08662,-923.182,1.66818,0.4455
9040000,2,5.25664,-930.537,0.712542,0.43735
9050000,2,7.69812,-924.724,0.851628,0.427414
9060000,2,2.41858,-926.022,2.97156,0.4272
9070000,3,6.67801,-928.267,2.68431,0.4385
9080000,1,4.58172,-930.362,0.57372,0.403233
9090000,3,8.24765,-927.355,0.941237,0.4051
9100000,1,4.78202,-928.741,1.2096,0.421989
9110000,3,8.17034,-920.572,1.18405,0.44135
9120000,1,4.56743,-927.179,0.95656,0.41895
9130000,5,4.9933,-930.692,3.72863,0.4228
9140000,1,1.64371,-927.767,3.27213,0.418667
9150000,2,6.55215,-926.833,1.46787,0.4204
9160000,5,11.559,-924.849,2.13783,0.4308
9170000,2,7.21357,-931.673,1.47294,0.41874
9180000,1,3.78037,-927.226,2.45379,0.4227
9190000,4,10.0287,-926.249,2.77226,0.4188
9200000,1,4.40805,-928.843,0.645309,0.4059
9210000,4,11.3676,-918.653,1.6447,0.412775
9220000,6,6.95211,-915.683,3.026,0.423494
9230000,2,3.51332,-920.942,1.03088,0.433633
9240000,4,6.96551,-913.997,1.26813,0.4166
9250000,2,4.12133,-924.979,1.01526,0.4333
9260000,2,5.96692,-921.437,1.60229,0.41875
9270000,4,9.40316,-915.017,2.3539,0.4364
9280000,4,11.4534,-912.21,3.01472,0.437185
9290000,3,10.055,-917.658,0.904913,0.426
9300000,1,4.26974,-925.175,1.7779,0.420433
9310000,1,5.22304,-928.638,0.751649,0.4168
9320000,5,8.0966,-926.832,3.14115,0.421
9330000,1,3.17557,-926.037,1.19252,0.4153
9340000,5,14.9756,-915.394,2.50308,0.420008
9350000,4,9.75514,-912.054,2.14556,0.439233
9360000,4,9.83395,-921.017,3.45586,0.4247
9370000,2,6.77464,-919.524,2.34582,0.4309
9380000,4,4.80811,-916.919,3.64121,0.43035
9390000,1,2.03051,-926.47,1.59908,0.4081
9400000,2,4.21891,-927.301,2.85784,0.40095
9410000,3,5.25609,-921.316,2.22404,0.417206
9420000,1,4.55327,-929.585,1.16584,0.434725
9430000,3,9.89999,-915.178,1.14509,0.40755
9440000,1,4.4385,-925.553,1.10671,0.435875
9450000,2,5.79166,-922.48,1.89976,0.4586
9460000,2,3.00533,-927.057,2.82658,0.4249
9470000,2,6.46056,-926.647,1.23078,0.4305
9480000,3,10.8889,-924.159,1.12147,0.43464
9490000,4,11.8471,-921.17,2.27723,0.41425
9500000,3,5.93914,-922.907,2.23127,0.4199
9510000,4,7.78902,-924.543,2.7356,0.4322
9520000,4,10.1918,-917.838,1.3668,0.43163
9530000,2,4.40866,-928.582,1.55647,0.437
9540000,2,5.88711,-929.757,1.37165,0.4207
9550000,4,5.00637,-920.446,2.47377,0.4239
9560000,2,6.40712,-917.91,2.29554,0.4302
9570000,2,5.05065,-922.487,2.28835,0.3887
9580000,1,2.70502,-930.544,2.89454,0.421138
9590000,1,3.68672,-930.285,0.424774,0.41782
9600000,1,5.5095,-925.172,0.230265,0.4239
9610000,3,6.92558,-926.603,3.27687,0.424367
9620000,2,2.80879,-927.853,0.872544,0.41875
9630000,2,3.10794,-919.688,1.37987,0.4338
9640000,2,6.98741,-926.491,1.33504,0.419233
9650000,8,16.5819,-917.658,5.08498,0.435767
9660000,5,7.59277,-920.32,1.98016,0.4292
9670000,1,4.27577,-926.349,1.2591,0.41771
9680000,2,7.99824,-924.175,1.18712,0.4659
9690000,2,7.84028,-925.82,0.65262,0.427675
9700000,1,4.8001,-926.783,0.488954,0.438033
9710000,2,4.49202,-925.414,0.971118,0.434367
9720000,1,5.20588,-926.853,0.934628,0.430513
9730000,1,5.48076,-928.782,0.523769,0.422867
9740000,2,5.80549,-926.581,1.88842,0.41886
9750000,1,4.08312,-924.69,0.879004,0.409467
9760000,1,5.2001,-926.214,1.003,0.4062
9770000,1,5.66358,-925.237,0.344914,0.4228
9780000,2,1.76329,-929.041,2.34561,0.425643
9790000,1,3.18904,-925.069,1.63175,0.418167
9800000,1,4.97656,-924.106,0.448867,0.4336
9810000,2,4.36846,-931.687,3.11244,0.4261
9820000,1,4.65626,-926.062,0.321325,0.42908
9830000,2,6.16458,-923.369,0.644458,0.4343
9840000,2,0.21877,-933.31,4.69569,0.4109
9850000,1,2.35279,-925.524,2.59852,0.4176
9860000,3,7.33219,-921.418,2.94637,0.4318
9870000,3,7.20441,-922.839,1.63042,0.422778
9880000,1,5.27641,-930.987,0.670055,0.421753
9890000,2,-0.425472,-928.682,2.40039,0.424712
9900000,4,12.3859,-931.066,1.08449,0.407367
9910000,1,3.94071,-927.312,1.60528,0.4201
9920000,3,11.2821,-924.752,0.605704,0.4272
9930000,4,9.5906,-919.879,2.27165,0.42485
9940000,2,5.27896,-928.567,2.05828,0.4224
9950000,3,6.05446,-923.417,2.20277,0.4188
9960000,5,8.94705,-919.701,2.2545,0.402617
9970000,1,4.17995,-926.333,1.39292,0.425709
9980000,2,7.52329,-925.853,0.496179,0.416675
9990000,1,4.47634,-929.289,1.5415,0.4195
