generation,N_shifts,logPrior,logLik,eventRate,acceptRate
0,0,2.94132,-1285.68,1,0
10000,1,3.71126,-915.863,1.70758,0.374463
20000,2,4.33832,-914.867,0.499612,0.38795
30000,1,6.19742,-918.401,0.177401,0.3849
40000,2,8.16205,-913.504,0.784676,0.398015
50000,2,5.5775,-911.037,1.36878,0.3944
60000,2,6.39757,-915.159,1.37833,0.419233
70000,2,6.4145,-910.332,2.07564,0.4458
80000,3,6.74569,-906.486,2.88805,0.418114
90000,4,8.88686,-912.742,4.63737,0.4532
100000,1,5.98981,-920.464,0.73862,0.40792
110000,3,8.93648,-914.871,1.85855,0.4208
120000,6,16.3274,-904.276,4.73365,0.4432
130000,5,11.1318,-915.086,6.00466,0.438475
140000,1,3.30518,-918.019,2.88457,0.44485
150000,4,10.01,-925.232,2.08463,0.4401
160000,2,4.78086,-917.348,2.16379,0.43915
170000,3,5.35386,-910.895,1.94124,0.420075
180000,1,5.49442,-915.253,0.743942,0.416133
190000,3,9.64916,-909.375,1.62337,0.42075
200000,6,12.6988,-906.043,4.90924,0.4232
210000,6,16.0172,-902.851,2.57665,0.4298
220000,4,12.0178,-898.94,2.60953,0.4205
230000,1,5.85193,-917.954,0.0987003,0.421394
240000,1,4.79467,-916.259,0.752875,0.4426
250000,1,4.35546,-915.866,0.361401,0.412243
260000,2,8.01689,-916.328,0.964129,0.4122
270000,1,4.58334,-918.121,0.0738082,0.412167
280000,1,5.5216,-916.438,0.440054,0.41895
290000,1,3.04791,-918.386,1.06552,0.40385
300000,1,3.55155,-914.138,1.30289,0.4035
310000,2,5.22377,-910.713,1.77113,0.4048
320000,2,6.84326,-917.918,0.946435,0.40495
330000,2,6.88646,-910.662,0.51377,0.4131
340000,1,4.43985,-914.414,1.04238,0.40015
350000,6,12.103,-909.61,3.60946,0.4342
360000,1,4.311,-918.947,0.518333,0.40145
370000,4,11.1486,-912.719,2.39817,0.432325
380000,1,5.14559,-915.013,0.574322,0.40235
390000,2,6.55196,-914.247,1.5077,0.4132
400000,1,3.01479,-921.559,1.41282,0.423867
410000,3,9.5259,-917.864,1.95004,0.415231
420000,1,3.44615,-916.237,2.10555,0.3984
430000,2,3.73,-914.347,1.21211,0.4307
440000,3,10.0865,-914.303,1.3344,0.4258
450000,1,5.911,-919.398,0.707271,0.4323
460000,3,7.54543,-913.221,3.47978,0.4251
470000,2,3.82183,-912.001,1.82892,0.4235
480000,2,5.56723,-915.031,1.26212,0.4004
490000,1,4.58623,-919.207,0.828436,0.41025
500000,1,4.38944,-917.163,1.4644,0.410582
510000,1,5.48441,-918.559,0.299733,0.3909
520000,1,4.99658,-913.351,0.348851,0.4338
530000,4,8.7673,-912.82,3.1481,0.431382
540000,1,5.12577,-917.041,0.772156,0.3921
550000,2,8.03776,-913.788,1.22404,0.4216
560000,3,11.0926,-911.922,0.843279,0.41625
570000,3,5.11202,-915.605,2.35169,0.411
580000,3,6.66032,-913.242,1.5779,0.4124
590000,1,4.55366,-914.852,0.392384,0.40042
600000,1,5.20308,-917.175,0.568818,0.422733
610000,1,5.38178,-916.866,0.58581,0.411
620000,2,2.39016,-911.517,2.83551,0.417533
630000,3,7.75874,-906.463,1.34441,0.428
640000,1,5.73037,-916.111,0.69086,0.421875
650000,4,8.4778,-908.153,2.90315,0.4421
660000,3,8.7724,-915.592,1.66576,0.424767
670000,1,4.80396,-916.657,0.949297,0.419467
680000,3,5.81038,-911.739,2.80981,0.42575
690000,1,5.36529,-919.718,0.411268,0.4116
700000,4,9.80006,-912.36,0.763325,0.408567
710000,2,5.88471,-910.884,2.26679,0.41482
720000,2,0.457673,-914.978,1.07514,0.4245
730000,2,2.63861,-913.383,1.64751,0.406433
740000,1,5.21169,-919.498,1.35859,0.4244
750000,2,8.76641,-916.8,0.575102,0.4491
760000,1,5.67826,-918.262,0.789905,0.3933
770000,1,5.32909,-915.069,0.763962,0.41584
780000,1,5.57292,-917.535,0.314061,0.4141
790000,2,6.48317,-919.315,2.05107,0.4049
800000,2,6.81276,-919.028,2.67125,0.414893
810000,3,5.12347,-910.632,2.51858,0.406
820000,2,6.74913,-914.717,2.76372,0.4338
830000,2,2.58243,-912.771,1.70976,0.4188
840000,1,5.83922,-922.014,0.159206,0.4256
850000,2,5.15405,-918.318,2.37607,0.4093
860000,1,5.27382,-914.734,0.383023,0.415913
870000,1,4.45883,-916.937,0.658879,0.413056
880000,1,4.17476,-918.429,0.241638,0.416
890000,0,2.47486,-930.728,0.078194,0.37225
900000,2,6.2287,-916.644,1.46043,0.3162
910000,1,5.76137,-916.302,0.338491,0.397983
920000,3,7.93368,-910.741,3.68304,0.4008
930000,4,11.3248,-908.744,1.64934,0.423729
940000,1,4.97843,-914.008,0.689981,0.4144
950000,1,2.66437,-919.865,1.39515,0.4113
960000,1,4.62926,-915.669,1.01113,0.420317
970000,1,5.49849,-916.569,0.285565,0.3967
980000,2,6.98103,-915.318,1.56424,0.4061
990000,2,6.36339,-914.067,1.38345,0.3658
1000000,1,4.24663,-918.97,1.437,0.406592
1010000,1,4.67697,-915.241,0.390868,0.40442
1020000,2,6.55199,-912.111,1.41977,0.3959
1030000,1,3.50284,-915.889,2.34037,0.4259
1040000,2,7.05047,-912.673,0.235342,0.399675
1050000,1,4.79305,-917.99,1.02901,0.41245
1060000,1,5.10357,-915.245,0.970784,0.4017
1070000,2,5.4552,-917.887,1.3891,0.4008
1080000,3,9.66353,-913.97,1.33893,0.406567
1090000,1,4.05761,-915.903,0.685629,0.399275
1100000,1,0.87479,-919.834,1.65495,0.40344
1110000,1,5.10179,-915.346,0.331737,0.3956
1120000,5,14.6538,-906.503,2.69973,0.393233
1130000,1,4.65786,-916.681,0.265335,0.42075
1140000,1,5.68245,-918.907,0.123665,0.4048
1150000,1,4.74023,-917.682,0.44423,0.4058
1160000,2,4.80422,-915.281,1.49955,0.387033
1170000,3,6.48412,-913.05,1.32158,0.4335
1180000,3,6.49475,-911.787,1.36919,0.42145
1190000,3,5.35415,-911.847,4.63585,0.441
1200000,1,1.76248,-919.211,1.71581,0.424225
1210000,2,5.03602,-915.056,2.343,0.3964
1220000,4,12.0624,-907.339,1.86212,0.432
1230000,1,5.03708,-919.544,0.726511,0.4392
1240000,2,6.02249,-914.454,2.18178,0.41075
1250000,1,4.53511,-917.18,0.66218,0.3837
1260000,1,3.07138,-919.467,2.19085,0.422922
1270000,1,3.73617,-916.975,2.15376,0.413162
1280000,2,5.35414,-913.961,1.86198,0.414533
1290000,2,7.33872,-918.778,0.336196,0.415267
1300000,1,4.90226,-914.619,0.814194,0.425233
1310000,1,4.48399,-914.786,1.00172,0.419737
1320000,3,6.75077,-910.109,3.05238,0.4308
1330000,3,5.91016,-919.316,3.16782,0.4252
1340000,2,0.702446,-914.73,0.422386,0.4157
1350000,1,5.22233,-921.381,1.08642,0.417925
1360000,1,1.97629,-915.67,0.298614,0.419683
1370000,1,5.12766,-918.395,0.859636,0.3973
1380000,2,5.39564,-910.151,0.765938,0.40307
1390000,5,13.557,-896.688,2.40096,0.435
1400000,4,9.09006,-906.422,4.00561,0.410525
1410000,1,4.67119,-917.103,1.8289,0.414529
1420000,4,10.6964,-902.657,2.76843,0.4414
1430000,1,3.81532,-917.991,0.0639623,0.407975
1440000,3,6.50558,-917.663,0.815184,0.43575
1450000,1,5.7629,-918.55,0.532445,0.40286
1460000,1,4.47353,-918.309,0.880163,0.4187
1470000,4,6.27118,-916.063,3.5369,0.428867
1480000,1,4.84766,-920.273,0.604401,0.413173
1490000,3,6.70103,-913.487,2.53036,0.41255
1500000,4,8.52171,-912.403,0.66304,0.449167
1510000,1,6.2082,-919.227,0.380421,0.4096
1520000,3,9.68613,-906.503,1.85509,0.4131
1530000,1,3.58472,-916.386,0.666692,0.414529
1540000,2,6.20891,-914.814,1.31434,0.39605
1550000,1,5.12982,-916.125,0.442847,0.4002
1560000,1,4.78672,-919.222,1.10341,0.40195
1570000,2,3.95595,-911.546,2.10483,0.40495
1580000,3,8.25239,-903.201,2.46039,0.40215
1590000,1,5.21109,-913.77,0.585908,0.39465
1600000,1,3.51484,-918.758,2.12721,0.40784
1610000,2,4.88979,-913.151,2.10792,0.41045
1620000,3,4.83455,-909.47,2.04674,0.418475
1630000,5,15.1053,-905.671,2.84445,0.4526
1640000,4,14.9262,-908.719,0.321916,0.433275
1650000,1,4.34814,-917.694,0.903032,0.4116
1660000,1,5.40098,-916.137,0.686544,0.39605
1670000,1,3.75508,-914.948,1.19144,0.4102
1680000,2,8.54796,-915.306,0.664716,0.407233
1690000,3,9.74996,-911.617,0.703461,0.40472
1700000,1,4.74226,-914.365,0.817109,0.401275
1710000,3,8.83764,-915.448,1.29411,0.4049
1720000,1,5.06913,-916.835,0.599677,0.40338
1730000,5,10.5696,-912.548,4.6038,0.4173
1740000,2,7.2401,-909.164,0.0775039,0.41786
1750000,3,5.14607,-908.795,3.80273,0.4128
1760000,2,7.18063,-913.236,1.35919,0.40998
1770000,4,10.1,-913.708,1.95374,0.44075
1780000,2,6.22571,-915.534,1.0584,0.40274
1790000,1,4.43445,-916.844,0.690637,0.400533
1800000,2,8.26575,-909.573,0.657787,0.39385
1810000,4,10.6839,-914.292,1.45399,0.41395
1820000,2,7.39559,-908.324,0.559943,0.402733
1830000,3,9.74865,-913.897,0.863552,0.413033
1840000,2,7.60533,-912.049,0.410208,0.4218
1850000,2,7.01798,-912.834,0.455521,0.418233
1860000,3,7.55323,-909.267,3.17089,0.418144
1870000,1,5.25951,-919.004,0.433874,0.43575
1880000,1,3.84532,-916.263,1.48196,0.40695
1890000,1,4.89833,-920.663,0.816375,0.411125
1900000,3,5.57099,-911.848,4.21208,0.4143
1910000,2,3.3771,-919.705,2.07324,0.4051
1920000,3,5.55869,-912.402,2.51342,0.40906
1930000,1,5.76095,-915.353,0.330747,0.4079
1940000,2,7.4675,-909.587,1.61669,0.4344
1950000,4,9.59539,-903.53,4.03764,0.3993
1960000,5,13.9735,-899.519,2.37697,0.4376
1970000,5,12.2464,-898.898,2.09156,0.410792
1980000,4,13.8152,-903.379,1.08616,0.416656
1990000,2,8.09564,-909.846,0.791053,0.4179
2000000,1,4.63289,-916.959,0.390483,0.4059
2010000,3,7.24334,-905.403,1.92584,0.43988
2020000,2,6.15218,-914.524,1.33035,0.41345
2030000,3,9.11543,-910.543,1.41301,0.418867
2040000,2,6.89563,-913.346,0.899557,0.41095
2050000,3,9.6799,-909.713,2.63586,0.442
2060000,1,0.858408,-916.441,1.23349,0.4382
2070000,3,8.42537,-904.037,1.6836,0.4127
2080000,2,7.93474,-915.5,0.580663,0.4408
2090000,3,7.86549,-910.676,2.2026,0.421845
2100000,2,6.79942,-917.86,1.04412,0.416067
2110000,2,7.83547,-912.884,1.26765,0.4431
2120000,2,7.97761,-912.229,1.2623,0.440025
2130000,2,9.05723,-910.913,1.35804,0.420483
2140000,2,6.76451,-914.881,2.68352,0.43435
2150000,2,8.29468,-911.868,0.736571,0.443
2160000,3,8.77267,-915.427,1.15076,0.43485
2170000,3,8.4091,-911.419,2.84055,0.4107
2180000,2,4.16548,-915.674,1.643,0.4514
2190000,1,5.73852,-918.238,0.207325,0.4272
2200000,2,7.55462,-916.154,1.66587,0.418245
2210000,4,10.8013,-909.671,2.2946,0.41784
2220000,1,4.57479,-924.578,1.20551,0.435033
2230000,4,11.618,-908.104,1.28533,0.412
2240000,5,12.2458,-908.235,3.21152,0.423586
2250000,2,5.36228,-915.547,1.02528,0.4163
2260000,2,5.64923,-914.889,0.181682,0.411833
2270000,2,6.62788,-913.813,2.2345,0.4055
2280000,3,8.78293,-914.513,2.56676,0.426667
2290000,2,3.36342,-913.828,5.2771,0.4158
2300000,1,5.76662,-920.349,0.827929,0.4445
2310000,1,4.89467,-914.1,0.708736,0.403825
2320000,4,14.0557,-909.504,2.20425,0.443125
2330000,1,4.26088,-916.578,1.29559,0.4305
2340000,4,9.44821,-910.593,1.85467,0.419975
2350000,2,7.06761,-914.115,0.965349,0.396275
2360000,3,6.3746,-909.753,3.96202,0.4407
2370000,3,9.95256,-910.165,1.68463,0.4217
2380000,2,1.93882,-918.283,0.64047,0.392667
2390000,1,5.2027,-914.681,0.734729,0.40355
2400000,1,2.11868,-917.597,1.14997,0.4194
2410000,1,4.72719,-916.213,0.857579,0.40725
2420000,1,4.44972,-917.134,0.850845,0.3777
2430000,1,3.50002,-918.132,1.97091,0.3934
2440000,2,7.1978,-914.683,0.672514,0.414525
2450000,1,4.93806,-914.981,1.45997,0.4119
2460000,4,9.36358,-916.079,0.960292,0.404243
2470000,5,12.6545,-914.626,2.53588,0.42195
2480000,3,10.8618,-911.326,1.63333,0.4146
2490000,3,7.92304,-908.293,2.43847,0.403767
2500000,3,7.97106,-911.76,0.931099,0.411525
2510000,3,9.06159,-911.153,1.67457,0.4083
2520000,2,7.79671,-911.72,1.13895,0.409725
2530000,4,11.0712,-904.053,2.71631,0.39125
2540000,4,10.8932,-904.857,1.75288,0.4227
2550000,4,11.7678,-903.006,2.43054,0.462
2560000,1,4.03285,-916.891,0.0300087,0.404925
2570000,3,7.50984,-912.193,2.3979,0.4078
2580000,2,6.85095,-915.264,0.662725,0.398
2590000,1,3.8241,-913.697,1.6362,0.4145
2600000,1,3.92284,-914.984,0.823256,0.4044
2610000,1,4.22063,-923.328,1.66924,0.4151
2620000,3,9.27976,-913.738,0.941047,0.4328
2630000,2,7.87213,-914.429,0.962069,0.418612
2640000,2,7.83808,-910.906,0.911471,0.422164
2650000,3,6.85774,-920.727,0.765345,0.424567
2660000,4,5.96478,-913.229,4.25333,0.4308
2670000,2,6.90594,-923.586,1.6664,0.415927
2680000,1,2.80635,-915.678,1.31565,0.3969
2690000,3,6.82717,-911.427,2.70057,0.4118
2700000,2,6.68297,-917.663,1.6451,0.420786
2710000,1,4.89474,-914.679,0.812399,0.406267
2720000,5,14.672,-900.113,2.64155,0.412867
2730000,4,6.33218,-912.944,3.25656,0.410267
2740000,5,5.29968,-901.999,3.5071,0.42345
2750000,2,6.1601,-917.434,1.91329,0.41925
2760000,1,1.79413,-915.144,3.03138,0.403671
2770000,1,4.93208,-915.845,0.62703,0.420467
2780000,1,5.36134,-914.963,0.64976,0.42686
2790000,2,6.85886,-915.144,1.37801,0.42535
2800000,2,7.76016,-912.18,1.42454,0.410933
2810000,1,4.63503,-914.376,0.439325,0.41232
2820000,6,17.9882,-907.226,2.96544,0.4199
2830000,1,5.23852,-914.387,0.820547,0.41335
2840000,2,5.55893,-911.918,2.84563,0.407933
2850000,4,9.80144,-901.107,3.23201,0.431867
2860000,2,4.48557,-913.66,1.93721,0.404767
2870000,2,7.22769,-912.808,0.970514,0.4056
2880000,1,4.23672,-913.883,1.4717,0.428333
2890000,2,7.17088,-913.595,1.00101,0.415186
2900000,2,7.84268,-910.196,0.816502,0.4007
2910000,1,4.30624,-917.992,0.123398,0.411033
2920000,1,5.18144,-917.358,0.143729,0.395733
2930000,4,12.2933,-900.934,1.09573,0.411389
2940000,5,8.13713,-907.4,1.52403,0.4263
2950000,7,13.7565,-906.534,5.63973,0.4541
2960000,9,21.0556,-905.337,3.16459,0.44334
2970000,2,6.89784,-908.899,1.51642,0.425957
2980000,2,7.69742,-912.397,0.99441,0.39755
2990000,1,5.03853,-915.493,0.881201,0.4052
3000000,1,3.91611,-918.458,1.69336,0.4056
3010000,3,9.87044,-902.482,2.14701,0.4233
3020000,1,4.49219,-914.573,1.19522,0.3931
3030000,2,8.26804,-912.019,1.23169,0.416145
3040000,3,11.0855,-908.708,0.950605,0.40995
3050000,1,3.37648,-918.754,1.17971,0.4035
3060000,1,6.1961,-915.845,0.145427,0.416325
3070000,1,4.8676,-916.481,0.331128,0.4172
3080000,2,8.21919,-913.493,0.85888,0.406857
3090000,1,3.24681,-914.776,2.21045,0.42505
3100000,3,9.75497,-918.216,1.20012,0.410233
3110000,2,7.89596,-910.934,1.45929,0.417
3120000,1,3.67055,-914.687,0.338679,0.40065
3130000,1,5.3979,-915.897,0.251061,0.4218
3140000,2,6.124,-917.255,0.778214,0.38895
3150000,1,5.76785,-914.612,0.278971,0.418
3160000,7,9.81035,-911.781,9.57262,0.41
3170000,1,3.63095,-917.017,2.42472,0.409983
3180000,1,3.96771,-915.656,1.41514,0.41255
3190000,1,5.03264,-918.177,0.510184,0.3955
3200000,1,4.62028,-917,0.329731,0.3835
3210000,2,3.68111,-911.888,1.3018,0.4169
3220000,2,2.84252,-915.618,0.528746,0.4051
3230000,1,4.32604,-918.212,0.948959,0.40674
3240000,2,7.5181,-911.772,1.01145,0.414567
3250000,2,1.88923,-917.797,2.55416,0.411667
3260000,3,6.79813,-910.515,1.12417,0.4203
3270000,7,16.3284,-904.647,3.51294,0.435533
3280000,7,16.195,-901.219,1.99582,0.410529
3290000,2,3.99617,-914.175,0.527251,0.4243
3300000,3,10.4279,-920.095,1.5574,0.403775
3310000,1,3.41288,-917.577,1.87309,0.407617
3320000,2,5.09352,-916.507,1.64084,0.402733
3330000,1,6.0009,-920.302,0.544054,0.40578
3340000,4,8.3334,-913.104,5.1497,0.41635
3350000,3,9.95711,-911.922,1.83365,0.39985
3360000,3,8.22353,-913.012,2.43913,0.389533
3370000,4,10.2431,-902.899,3.86386,0.4254
3380000,1,5.38405,-916.43,0.974232,0.40435
3390000,3,5.99286,-910.006,1.00458,0.4332
3400000,3,5.01602,-910.217,1.13624,0.4455
3410000,4,5.60347,-905.315,3.73027,0.42558
3420000,2,7.30742,-912.26,1.45208,0.409762
3430000,5,13.2334,-910.152,1.42679,0.416633
3440000,2,4.75795,-917.76,1.06256,0.4153
3450000,1,3.48226,-916.752,0.854282,0.4069
3460000,1,1.53448,-918.489,3.77043,0.4115
3470000,3,8.26866,-910.648,1.62,0.4129
3480000,1,5.79607,-916.37,0.321356,0.4187
3490000,2,6.5202,-915.948,1.74147,0.4061
3500000,1,5.28692,-916.531,1.00014,0.405729
3510000,2,4.43052,-917.912,1.45509,0.39995
3520000,1,5.70121,-915.589,0.256702,0.400625
3530000,3,8.05474,-916.505,1.4191,0.4128
3540000,2,8.68152,-916.28,1.06561,0.4219
3550000,2,5.09446,-918.228,2.32037,0.4013
3560000,2,5.49404,-917.782,1.4907,0.417593
3570000,1,5.56262,-915.836,1.08986,0.4117
3580000,2,8.30374,-919.219,0.781555,0.4378
3590000,2,8.8618,-918.228,0.440686,0.41698
3600000,2,6.31355,-916.471,0.824944,0.4262
3610000,1,5.09568,-916.118,0.617776,0.416183
3620000,1,5.88624,-916.339,0.45525,0.42165
3630000,4,11.4133,-915.757,2.4349,0.4009
3640000,1,4.48776,-917.282,0.374544,0.415138
3650000,1,4.5768,-916.85,1.05127,0.4064
3660000,1,3.6275,-914.748,2.06928,0.3903
3670000,3,7.8075,-904.513,1.89317,0.420011
3680000,5,13.7374,-908.997,3.7351,0.439
3690000,6,12.1291,-914.61,1.54273,0.402
3700000,1,6.05062,-914.62,0.0672577,0.406243
3710000,5,10.5317,-904.276,1.63111,0.4317
3720000,1,5.6964,-918.507,0.720728,0.405062
3730000,1,2.91115,-918.481,2.49522,0.401467
3740000,5,12.8346,-903.746,2.16359,0.429067
3750000,2,6.96358,-912.515,1.5001,0.4435
3760000,3,9.67313,-909.032,2.14204,0.3935
3770000,1,4.28538,-918.667,0.490844,0.4067
3780000,2,7.61046,-914.594,1.09068,0.397133
3790000,2,5.25847,-914.054,2.23979,0.4149
3800000,1,4.55323,-916.603,0.537172,0.4035
3810000,5,4.67471,-902.242,6.02959,0.4105
3820000,3,9.23778,-905.253,1.47402,0.417386
3830000,1,5.71445,-914.56,0.076599,0.412933
3840000,3,10.3371,-914.505,1.2967,0.409429
3850000,2,8.38523,-918.172,0.661317,0.39575
3860000,1,3.73081,-917.074,2.08776,0.403
3870000,2,7.64009,-909.503,0.844279,0.42695
3880000,2,6.72332,-907.397,1.02663,0.4248
3890000,2,8.80892,-913.809,0.477757,0.4209
3900000,1,3.32101,-915.368,1.26999,0.423667
3910000,2,2.87041,-917.536,3.45871,0.4105
3920000,2,1.80407,-919.943,5.72331,0.41725
3930000,2,7.12816,-916.28,1.32032,0.405933
3940000,4,7.50574,-911.939,2.34942,0.4219
3950000,1,5.34358,-916.094,0.112221,0.407167
3960000,3,6.27553,-914.398,2.62709,0.42805
3970000,2,6.67209,-915.44,1.89045,0.4047
3980000,1,5.47376,-915.233,0.233977,0.422563
3990000,2,4.65811,-913.501,0.732052,0.42175
4000000,4,9.82168,-917.769,2.46178,0.4124
4010000,1,4.49886,-916.383,0.406663,0.40128
4020000,1,5.11168,-916.024,0.794564,0.3968
4030000,1,2.01278,-912.841,2.2861,0.3938
4040000,3,7.77476,-913.114,2.23071,0.4131
4050000,3,5.08498,-913.085,2.41001,0.41855
4060000,1,3.13473,-916.797,0.34483,0.4219
4070000,2,7.61958,-911.64,0.715872,0.3861
4080000,2,3.95196,-913.522,3.56396,0.4253
4090000,2,5.18885,-915.671,0.935189,0.415262
4100000,1,5.88275,-918.061,0.305791,0.419567
4110000,3,10.2116,-913.616,0.758163,0.431
4120000,1,3.58616,-913.997,0.677787,0.4265
4130000,4,10.6336,-912.859,1.39653,0.404006
4140000,2,8.01049,-915.773,0.705151,0.41535
4150000,1,5.16696,-913.96,0.267243,0.4151
4160000,1,3.61305,-915.958,0.683152,0.396233
4170000,2,7.50128,-911.739,1.42157,0.412033
4180000,2,8.04673,-909.684,1.21875,0.3938
4190000,7,12.3248,-904.735,2.10083,0.39875
4200000,2,5.05377,-916.607,2.92915,0.4074
4210000,3,9.44911,-913.226,1.55066,0.3908
4220000,2,7.32722,-912.153,1.61054,0.411557
4230000,1,5.19549,-918.027,0.808633,0.401354
4240000,2,6.52733,-914.012,1.0491,0.3847
4250000,5,5.33799,-918.778,2.92081,0.4141
4260000,2,2.85884,-910.424,1.58981,0.4134
4270000,4,11.8432,-904.333,2.36805,0.410167
4280000,4,8.3258,-906.729,3.35068,0.4211
4290000,4,10.5672,-917.652,2.54961,0.4174
4300000,2,8.61871,-917.709,0.499863,0.4027
4310000,3,9.98898,-907.359,2.03567,0.4121
4320000,2,8.65168,-912.806,0.869969,0.417325
4330000,2,4.22716,-911.692,5.0174,0.4036
4340000,1,5.44713,-915.239,0.701828,0.407187
4350000,1,4.50884,-917.52,1.21214,0.4255
4360000,5,12.8705,-910.164,2.16212,0.426817
4370000,5,8.79437,-916.583,3.59376,0.420467
4380000,1,5.38005,-917.589,0.615044,0.4291
4390000,1,4.06287,-915.346,1.73554,0.3925
4400000,1,5.47805,-917.749,0.896624,0.412129
4410000,2,6.83837,-918.788,1.28374,0.40165
4420000,1,2.27893,-914.22,2.46952,0.365314
4430000,3,9.41315,-909.969,2.15239,0.44825
4440000,1,4.79948,-915.479,0.857251,0.39632
4450000,2,4.66809,-916.132,1.42656,0.41845
4460000,1,4.25151,-917.785,0.0664814,0.409675
4470000,5,13.4666,-905.813,3.64837,0.427529
4480000,2,3.39662,-913.505,1.46525,0.4416
4490000,2,5.8413,-919.817,2.02791,0.4099
4500000,2,6.39768,-911.538,2.15621,0.42656
4510000,1,5.13174,-915.69,0.325488,0.407029
4520000,1,3.37578,-916.029,0.10712,0.409117
4530000,1,5.10356,-919.05,0.890944,0.416833
4540000,1,4.48892,-915.817,0.523339,0.4213
4550000,1,3.70467,-914.671,2.30056,0.3983
4560000,1,4.46294,-915.834,0.73091,0.40315
4570000,2,4.6599,-918.78,1.01548,0.426075
4580000,4,10.2034,-916.436,2.2671,0.422833
4590000,1,5.02719,-916.52,0.652472,0.3928
4600000,4,9.47679,-908.68,2.32361,0.411533
4610000,4,11.9426,-914.762,2.35956,0.40816
4620000,4,9.5675,-913.773,3.09811,0.416967
4630000,3,11.184,-906.908,1.70126,0.4432
4640000,3,5.60039,-907.184,1.73323,0.43835
4650000,2,7.15821,-913.496,1.21078,0.430575
4660000,1,4.67856,-919.738,0.88163,0.40875
4670000,2,6.47472,-919.511,1.51952,0.4768
4680000,4,8.3671,-913.672,2.99666,0.43404
4690000,7,16.1402,-903.28,3.60189,0.4321
4700000,1,4.1903,-920.726,1.05968,0.402433
4710000,4,8.49518,-908.288,3.07614,0.445
4720000,1,5.27339,-918.499,0.812799,0.416933
4730000,1,4.47487,-918.451,0.886746,0.388467
4740000,1,5.16453,-914.716,0.323195,0.3898
4750000,1,4.75983,-916.584,0.961605,0.42637
4760000,1,3.45084,-914.889,1.85797,0.4118
4770000,1,4.91686,-915.755,0.757514,0.400883
4780000,7,12.004,-897.289,5.45526,0.435333
4790000,4,10.4329,-910.048,2.92611,0.436825
4800000,4,10.3427,-912.494,1.72941,0.4379
4810000,1,5.37537,-914.562,0.4985,0.40038
4820000,3,10.2853,-915.914,2.03983,0.4177
4830000,7,14.9256,-909.785,3.43959,0.4253
4840000,2,6.53439,-916.645,0.203007,0.40435
4850000,2,7.23102,-921.436,0.747382,0.4079
4860000,3,9.68751,-903.338,2.07679,0.4175
4870000,4,7.00342,-912.132,4.71199,0.4258
4880000,5,14.9849,-900.197,3.2267,0.4089
4890000,2,4.86236,-917.719,2.54366,0.419767
4900000,1,2.10963,-914.876,1.43361,0.4294
4910000,2,8.4168,-907.622,0.627528,0.433067
4920000,2,8.37401,-917.859,0.52037,0.405246
4930000,1,4.9491,-916.48,0.917852,0.4021
4940000,1,4.10965,-920.895,0.365749,0.397725
4950000,1,5.15629,-918.98,0.638761,0.41615
4960000,2,6.14651,-913.82,2.02367,0.41192
4970000,1,4.09907,-913.944,0.936973,0.41891
4980000,2,5.1915,-910.125,1.28986,0.41115
4990000,3,5.86298,-913.539,2.95832,0.4069
5000000,4,13.0653,-909.139,1.81545,0.4371
5010000,2,4.41225,-915.442,1.37212,0.405671
5020000,1,5.18424,-917.749,0.384396,0.4081
5030000,3,9.24567,-914.375,1.66898,0.417633
5040000,1,3.59903,-915.454,0.86079,0.4104
5050000,1,4.46803,-914.73,1.48029,0.3853
5060000,1,3.98158,-917.713,0.287614,0.403111
5070000,1,4.85019,-917.055,0.342354,0.398
5080000,3,3.96859,-920.912,4.83378,0.392167
5090000,2,6.34782,-919.877,1.41699,0.40295
5100000,1,3.8657,-914.308,2.18679,0.41375
5110000,2,2.83652,-911.288,4.8036,0.406433
5120000,3,4.04941,-916.382,2.387,0.438867
5130000,3,7.53258,-911.475,2.74254,0.4
5140000,3,7.61295,-910.733,1.86284,0.404271
5150000,4,6.05889,-914.893,1.0884,0.4184
5160000,2,7.88957,-911.166,1.20773,0.421
5170000,2,8.44191,-909.994,0.38334,0.415467
5180000,1,5.88758,-916.212,0.0199732,0.41366
5190000,3,11.0003,-914.168,1.45559,0.4077
5200000,2,4.1553,-916.876,2.52567,0.4187
5210000,1,3.67124,-918.263,2.37983,0.41295
5220000,1,3.79067,-916.643,2.23367,0.40135
5230000,2,7.01088,-921.778,1.17843,0.39375
5240000,1,5.13128,-914.926,0.675269,0.40875
5250000,1,5.06157,-916.504,0.607725,0.413433
5260000,3,9.65576,-909.547,0.583016,0.413422
5270000,3,9.66358,-907.019,1.98019,0.4544
5280000,4,9.69951,-911.254,3.1512,0.43172
5290000,2,8.13834,-912.25,1.01608,0.4484
5300000,4,9.96837,-909.166,3.60462,0.4126
5310000,1,4.05669,-917.46,2.10517,0.415814
5320000,1,1.72291,-917.311,1.22949,0.399
5330000,3,6.0745,-907.294,1.5241,0.42375
5340000,2,5.94234,-909.504,2.51042,0.404
5350000,2,4.17909,-915.688,0.66188,0.4199
5360000,2,6.24199,-914.112,1.58412,0.40955
5370000,2,5.23085,-914.324,1.33171,0.423
5380000,1,4.92882,-917.953,0.458844,0.406275
5390000,2,5.85643,-919.169,1.27029,0.402
5400000,1,4.84623,-919.157,1.14758,0.40986
5410000,1,5.88542,-913.815,0.0900184,0.392
5420000,1,3.23877,-915.131,2.39694,0.4094
5430000,1,3.88267,-919.143,1.68271,0.405417
5440000,3,7.00579,-904.713,2.58351,0.4141
5450000,1,5.13544,-914.814,0.871778,0.4071
5460000,6,17.8236,-909.456,2.5609,0.40876
5470000,2,5.60711,-917.827,1.41836,0.4247
5480000,2,6.26181,-910.646,3.14965,0.43344
5490000,2,5.96424,-914.264,1.45345,0.4514
5500000,2,7.93513,-912.721,0.241418,0.404067
5510000,2,7.39576,-910.652,1.14779,0.414157
5520000,3,9.08852,-913.591,0.670148,0.4217
5530000,5,7.49893,-907.629,5.01298,0.4303
5540000,3,9.93815,-905.295,1.56894,0.41135
5550000,1,2.65555,-915.438,2.78125,0.42645
5560000,3,10.0621,-907.615,1.36072,0.40905
5570000,1,4.4305,-915.568,1.05049,0.425867
5580000,2,6.02933,-919.416,2.43877,0.41655
5590000,2,7.78117,-916.894,0.810841,0.401675
5600000,4,12.9826,-917.369,1.2409,0.418486
5610000,2,7.03235,-917.985,1.67097,0.4183
5620000,1,5.14042,-913.945,0.46186,0.4087
5630000,2,5.47127,-914.754,1.34595,0.4042
5640000,1,0.862346,-919.955,0.34776,0.395
5650000,3,9.38368,-916.891,1.47371,0.3925
5660000,1,3.85757,-915.202,0.206514,0.39215
5670000,2,7.78686,-916.328,1.93143,0.41855
5680000,3,8.45142,-911.928,1.3885,0.416533
5690000,4,10.2883,-910.573,3.3561,0.405567
5700000,2,5.75913,-915.467,1.12829,0.4229
5710000,2,7.28774,-913.555,1.75912,0.43225
5720000,2,6.64183,-913.402,1.30486,0.41125
5730000,3,10.2479,-914.809,1.70361,0.4057
5740000,2,7.86929,-910.988,0.43938,0.423177
5750000,1,5.14414,-915.481,0.724145,0.41625
5760000,2,7.38065,-909.634,1.50059,0.41146
5770000,2,6.2762,-916.295,1.22996,0.4044
5780000,4,11.9182,-910.92,2.203,0.403825
5790000,1,5.00331,-918.071,0.972676,0.422891
5800000,1,4.35704,-918.024,0.633946,0.3839
5810000,1,5.10673,-913.719,0.716829,0.402267
5820000,3,7.50298,-913.117,3.18742,0.4078
5830000,1,5.33442,-916.16,0.475315,0.4174
5840000,1,4.47405,-919.529,1.41071,0.396389
5850000,4,11.3333,-904.501,0.95362,0.412633
5860000,7,6.05577,-909.073,6.06743,0.4105
5870000,5,10.7991,-900.352,1.58762,0.420167
5880000,1,6.03585,-921.265,0.649103,0.416
5890000,2,6.23534,-910.833,0.933702,0.403867
5900000,2,5.46439,-910.939,2.51264,0.4223
5910000,2,7.88855,-913.234,0.802968,0.39965
5920000,5,10.1372,-907.074,3.46827,0.418
5930000,2,7.08014,-910.296,1.12799,0.41588
5940000,2,7.38837,-907.024,0.887462,0.426143
5950000,1,3.21526,-915.658,1.50272,0.417775
5960000,8,12.9006,-904.719,3.74698,0.430467
5970000,3,7.16279,-916.085,3.13191,0.40876
5980000,2,5.89631,-908.809,1.31018,0.4225
5990000,2,4.21637,-916.844,1.10033,0.402025
6000000,2,5.41568,-912.389,0.880878,0.3972
6010000,2,6.15875,-920.127,1.04233,0.4069
6020000,3,11.4495,-910.728,2.14427,0.41305
6030000,5,11.8294,-907.795,4.82797,0.4255
6040000,1,5.44057,-923.254,0.702826,0.422533
6050000,1,2.19508,-914.673,2.41246,0.4192
6060000,4,3.76664,-908.433,2.24681,0.42145
6070000,4,9.51086,-910.004,1.65559,0.4112
6080000,2,5.9148,-916.854,1.31169,0.408773
6090000,3,6.51631,-918.638,1.93747,0.399
6100000,5,9.8621,-913.864,4.43962,0.3966
6110000,2,6.83763,-910.396,2.30187,0.42094
6120000,1,4.44039,-914.243,1.83805,0.410513
6130000,2,7.19001,-912.387,1.08552,0.43285
6140000,1,5.89126,-918.068,0.459175,0.421229
6150000,4,8.90659,-913.024,5.14027,0.41154
6160000,2,5.89457,-912.688,2.15054,0.4353
6170000,2,6.46211,-913.411,1.39342,0.4095
6180000,4,12.564,-914.085,2.01382,0.4338
6190000,3,9.11972,-914.3,1.49532,0.445183
6200000,1,5.36952,-914.874,0.480527,0.40895
6210000,1,5.06575,-917.054,1.04021,0.4106
6220000,2,6.7891,-912.784,1.99297,0.4166
6230000,2,3.66803,-917.016,1.78604,0.401383
6240000,4,11.577,-905.693,2.10503,0.41045
6250000,4,8.76803,-906.243,2.28374,0.42105
6260000,2,7.69169,-920.045,1.30768,0.42385
6270000,2,6.29137,-917.697,1.13802,0.43425
6280000,1,4.84749,-915.73,0.403499,0.4077
6290000,1,4.68034,-916.759,0.963964,0.421467
6300000,1,5.13586,-919.733,0.904712,0.419529
6310000,2,7.78642,-914.456,1.17309,0.3985
6320000,3,6.5716,-915.568,3.42397,0.407633
6330000,3,4.80322,-911.967,2.54782,0.42842
6340000,3,10.1471,-918.939,1.77414,0.41712
6350000,4,10.6571,-907.744,2.65578,0.4697
6360000,3,10.7283,-907.213,1.12485,0.429
6370000,1,5.09501,-916.719,1.204,0.4352
6380000,2,7.64712,-917.562,1.45018,0.4029
6390000,3,7.9834,-917.867,2.16515,0.4212
6400000,1,4.07684,-917.16,1.10809,0.3996
6410000,2,7.30042,-914.862,1.88323,0.407
6420000,1,4.64407,-916.035,1.43676,0.431936
6430000,1,5.41739,-915.872,0.429518,0.401333
6440000,3,5.79031,-907.35,1.86627,0.423357
6450000,1,4.96529,-920.487,1.09188,0.399667
6460000,2,6.06491,-916.58,1.51763,0.405767
6470000,1,5.61649,-920.642,0.365963,0.398433
6480000,3,8.55588,-914.751,1.99739,0.39585
6490000,1,4.71773,-914.829,0.946752,0.398825
6500000,1,3.92704,-918.901,1.38271,0.3952
6510000,2,8.39095,-918.577,0.921795,0.422967
6520000,2,5.83439,-913.353,1.08897,0.41498
6530000,1,3.2453,-916.465,2.23428,0.4285
6540000,1,4.36624,-914.92,1.12542,0.398775
6550000,1,3.30238,-915.341,1.00192,0.39615
6560000,3,11.1109,-915.327,1.74862,0.394775
6570000,5,11.252,-903.199,1.67492,0.3993
6580000,1,5.2335,-915.659,0.951818,0.407433
6590000,3,7.5885,-910.361,3.81697,0.412833
6600000,2,7.95547,-918.986,0.490985,0.4205
6610000,2,7.75034,-919.936,1.26461,0.4023
6620000,3,8.74267,-914.861,1.80492,0.407875
6630000,2,9.07665,-909.951,0.587303,0.42405
6640000,1,5.61817,-917.199,0.248753,0.435417
6650000,2,5.83202,-911.396,1.45716,0.425
6660000,1,5.33212,-915.401,0.957599,0.4108
6670000,2,7.29772,-919.846,1.48822,0.4231
6680000,1,4.46699,-916.512,1.0462,0.4103
6690000,2,1.98833,-914.098,3.07066,0.416
6700000,2,7.27173,-915.205,0.832748,0.4237
6710000,2,7.2592,-913.862,0.625789,0.4182
6720000,2,7.65631,-912.984,1.04664,0.4218
6730000,2,7.83476,-911.794,0.563996,0.4017
6740000,2,7.08286,-916.636,2.06387,0.4206
6750000,1,4.86085,-916.632,1.27029,0.41145
6760000,1,4.03713,-917.398,0.765376,0.4252
6770000,4,10.7805,-912.606,4.23554,0.414525
6780000,1,2.22038,-923.209,3.83072,0.43119
6790000,1,4.05834,-914.941,0.692877,0.417
6800000,2,7.78783,-912.366,0.497859,0.4283
6810000,1,0.297735,-918.192,3.34218,0.4143
6820000,1,4.40745,-916.517,0.833809,0.405933
6830000,2,4.60572,-916.343,1.76477,0.4135
6840000,4,8.68227,-911.403,1.91764,0.4198
6850000,1,3.728,-917.779,2.18302,0.4265
6860000,2,2.12586,-914.89,1.44783,0.426656
6870000,2,5.84851,-917.378,0.421909,0.4112
6880000,1,3.16934,-918.198,2.06678,0.402475
6890000,1,5.34729,-917.168,0.154396,0.406187
6900000,3,10.4971,-917.293,2.37996,0.40105
6910000,1,2.446,-917.933,2.2681,0.4048
6920000,1,3.95158,-917.775,1.31637,0.39394
6930000,2,8.6613,-917.279,0.343745,0.4051
6940000,1,4.00781,-916.819,0.723056,0.4247
6950000,5,13.0239,-911.24,2.22715,0.3987
6960000,1,2.12899,-917.275,2.36197,0.407164
6970000,1,1.63083,-916.903,3.89012,0.3775
6980000,1,1.77751,-915.267,1.47722,0.4009
6990000,1,4.96534,-916.462,0.914206,0.4094
7000000,3,6.77661,-916.922,1.28072,0.410475
7010000,2,1.97745,-919.3,2.86109,0.407517
7020000,3,9.83169,-920.28,1.17317,0.4168
7030000,2,6.14061,-910.369,1.17213,0.41145
7040000,1,4.60728,-916.074,0.748093,0.408257
7050000,1,4.10818,-916.121,1.64488,0.414
7060000,1,5.25433,-915.613,0.973546,0.4001
7070000,1,5.81579,-916.431,0.735322,0.411633
7080000,1,4.45454,-920.931,0.783744,0.4082
7090000,3,3.59784,-914.514,3.29483,0.40262
7100000,1,4.19986,-914.44,1.03328,0.405525
7110000,5,14.8282,-915.726,2.05189,0.39915
7120000,1,4.83737,-916.651,0.581442,0.4072
7130000,1,5.35419,-917.185,0.616906,0.3965
7140000,2,8.38654,-916.641,0.818244,0.41015
7150000,1,4.6102,-917.11,1.43914,0.41305
7160000,1,4.26399,-917.206,1.93076,0.422156
7170000,2,7.8839,-911.159,0.548465,0.4009
7180000,4,8.91195,-909.181,1.25945,0.4221
7190000,2,7.36025,-911.452,1.22077,0.40414
7200000,1,3.21133,-916.389,2.65642,0.412875
7210000,4,9.56034,-908.136,2.18738,0.405255
7220000,3,7.07266,-903.978,1.94714,0.423333
7230000,4,9.74562,-910.043,2.12906,0.43965
7240000,1,4.1534,-917.838,1.28649,0.41015
7250000,2,7.8104,-913.697,1.70327,0.415257
7260000,2,4.99504,-919.958,1.69657,0.3974
7270000,2,7.52088,-914.435,1.39617,0.429343
7280000,3,9.30741,-912.354,1.50121,0.42872
7290000,2,6.62544,-909.831,0.852499,0.4502
7300000,2,7.20279,-918.291,1.72513,0.438375
7310000,1,4.95378,-921.812,1.00771,0.3874
7320000,3,10.6099,-910.534,1.73498,0.4392
7330000,2,6.59419,-915.088,1.72278,0.431833
7340000,5,12.1505,-900.817,4.73793,0.4211
7350000,1,4.79614,-916.511,0.99568,0.430433
7360000,1,5.6756,-914.167,0.493193,0.411367
7370000,1,4.06469,-919.005,0.970171,0.419667
7380000,1,5.78738,-914.051,0.28874,0.402667
7390000,2,3.12983,-909.628,2.45277,0.41968
7400000,2,4.20277,-919.434,1.82199,0.425175
7410000,2,5.13919,-911.312,1.7357,0.389975
7420000,2,5.20342,-910.299,1.3513,0.3931
7430000,1,3.51217,-914.243,2.57283,0.407
7440000,1,4.90239,-918.099,1.06503,0.42434
7450000,4,11.3528,-906.458,4.00821,0.39456
7460000,1,4.51855,-917.133,0.120875,0.4002
7470000,3,5.69012,-907.185,1.87388,0.403767
7480000,1,4.95303,-916.029,1.2585,0.4194
7490000,2,0.450686,-917.005,2.28402,0.41066
7500000,1,4.51185,-914.99,0.513695,0.4113
7510000,2,5.23391,-909.021,3.90924,0.4161
7520000,5,16.3709,-899.814,1.91164,0.443733
7530000,3,6.61443,-917.782,1.02476,0.421063
7540000,1,3.94544,-917.035,0.229023,0.428667
7550000,1,2.71746,-916.557,2.62742,0.4065
7560000,1,3.20955,-916.135,1.0131,0.421275
7570000,1,2.23692,-916.607,0.263159,0.415133
7580000,1,4.31435,-917.132,2.08317,0.42378
7590000,3,4.45533,-916.334,0.821364,0.439
7600000,3,8.57288,-911.48,1.78757,0.414933
7610000,1,1.57619,-915.438,2.58142,0.414483
7620000,2,8.48254,-921.733,0.566838,0.4117
7630000,1,4.90841,-913.727,0.987276,0.399
7640000,1,2.95201,-916.079,0.840328,0.41015
7650000,1,5.25586,-916.711,0.220775,0.416867
7660000,2,7.2029,-913.979,0.688062,0.410533
7670000,2,6.06323,-913.518,0.676659,0.416
7680000,1,3.52936,-918.136,2.33338,0.406733
7690000,4,11.4714,-903.552,2.09165,0.407233
7700000,2,7.41755,-910.426,1.17974,0.4056
7710000,6,7.0205,-908.603,2.49021,0.408
7720000,2,6.97595,-916.168,2.13828,0.39695
7730000,1,4.76223,-916.861,0.652367,0.398
7740000,3,9.18491,-919.232,1.53815,0.4023
7750000,2,5.68793,-917.176,1.11546,0.408764
7760000,3,9.60181,-903.902,1.60625,0.456
7770000,2,5.86781,-915.76,1.68965,0.4059
7780000,2,5.01566,-915.473,1.96903,0.415057
7790000,4,10.5536,-905.012,1.83115,0.45
7800000,2,7.89837,-908.125,0.531527,0.408392
7810000,4,10.7551,-912.493,1.99481,0.4177
7820000,2,7.65821,-908.214,1.23137,0.4179
7830000,1,1.80322,-916.263,0.571201,0.43245
7840000,6,17.9112,-903.859,1.254,0.43638
7850000,1,4.11083,-924.459,1.11003,0.424467
7860000,3,7.33884,-915.549,1.3844,0.3993
7870000,4,13.4044,-909.433,1.43582,0.41296
7880000,4,12.2067,-911.524,1.84864,0.4258
7890000,5,14.2023,-911.261,2.78604,0.409733
7900000,1,5.39597,-915.113,0.230336,0.403986
7910000,2,3.75015,-917.036,1.62075,0.43745
7920000,1,4.23583,-921.667,0.562058,0.4084
7930000,2,6.26375,-912.233,1.15362,0.420756
7940000,3,8.82463,-903.671,2.12208,0.418233
7950000,1,3.1656,-914.406,2.25609,0.421271
7960000,2,5.78756,-913.852,0.679846,0.3948
7970000,1,3.7697,-915,1.1425,0.4104
7980000,1,3.51123,-919.754,1.31291,0.40112
7990000,3,8.24143,-916.894,1.63836,0.41095
8000000,1,5.83651,-917.097,0.273918,0.407967
8010000,3,7.67584,-913.876,2.08369,0.4164
8020000,2,5.74902,-913.09,2.03751,0.4084
8030000,2,6.11538,-914.937,1.47289,0.40776
8040000,3,8.48015,-904.347,2.17718,0.404033
8050000,1,4.9933,-916.57,0.49486,0.4126
8060000,4,8.07155,-908.346,4.61548,0.4369
8070000,2,7.95249,-910.603,0.715708,0.4318
8080000,1,4.28406,-917.033,0.392226,0.40278
8090000,1,5.01988,-916.87,0.465272,0.399375
8100000,3,8.9461,-919.885,1.68372,0.405733
8110000,3,6.94682,-917.609,1.69449,0.423489
8120000,1,4.50462,-914.851,1.32296,0.4183
8130000,1,3.32555,-916.937,2.28135,0.42012
8140000,3,9.97577,-910.677,3.75267,0.44208
8150000,2,6.17853,-911.275,2.39124,0.43385
8160000,1,5.11984,-918.269,0.474077,0.406725
8170000,2,4.43015,-917.53,0.899136,0.43135
8180000,2,5.70224,-916.872,3.08349,0.4181
8190000,1,4.88078,-917.237,0.308036,0.4142
8200000,1,6.15917,-917.517,0.227803,0.4302
8210000,2,7.89897,-917.095,1.47955,0.39715
8220000,2,3.19183,-911.923,1.97843,0.41425
8230000,2,5.33435,-913.504,1.67296,0.4283
8240000,1,5.83581,-917.408,0.187236,0.404967
8250000,1,5.12861,-916.151,0.122132,0.425486
8260000,2,6.57757,-910.131,2.34079,0.3994
8270000,1,4.17592,-916.011,0.813863,0.426775
8280000,4,10.4146,-899.923,1.70231,0.3997
8290000,4,13.1622,-904.02,1.80808,0.3987
8300000,5,13.867,-903.132,2.64927,0.424767
8310000,4,10.4559,-901.115,2.74368,0.428233
8320000,5,9.00821,-908.551,2.36616,0.43285
8330000,2,7.23427,-911.925,1.1183,0.439875
8340000,1,4.06799,-915.873,0.598649,0.410233
8350000,1,4.0689,-916.268,0.363439,0.404567
8360000,6,14.2067,-907.318,3.42433,0.3903
8370000,1,5.96083,-918.738,0.233468,0.4154
8380000,1,5.47204,-914.951,0.0239394,0.39004
8390000,1,3.21813,-917.319,1.41056,0.4118
8400000,2,8.44747,-911.402,1.85852,0.432633
8410000,2,1.45915,-921.955,2.25721,0.393171
8420000,7,9.0857,-909.232,5.34095,0.411667
8430000,1,4.50623,-916.187,1.18802,0.41175
8440000,2,1.80032,-916.536,3.16782,0.43475
8450000,1,4.23205,-914.294,0.792149,0.39765
8460000,1,5.03543,-914.055,0.614114,0.4154
8470000,1,4.15289,-916.981,1.31251,0.4078
8480000,2,7.67062,-912.316,1.88772,0.4102
8490000,4,12.2619,-908.135,0.835766,0.416585
8500000,2,6.132,-915.811,1.95162,0.41605
8510000,1,5.46906,-917.877,0.493862,0.4066
8520000,2,7.44972,-910.89,0.723686,0.424067
8530000,1,3.82034,-920.468,1.18865,0.40345
8540000,1,2.97467,-918.816,0.782216,0.3847
8550000,3,9.01069,-912.877,0.93576,0.403
8560000,1,5.43577,-916.784,0.901661,0.425792
8570000,1,4.71093,-915.348,1.16528,0.4095
8580000,2,5.46679,-911.256,2.28345,0.435331
8590000,1,4.82353,-915.209,1.07818,0.422125
8600000,1,5.12579,-918.05,0.622453,0.417633
8610000,2,4.85928,-912.566,3.92432,0.40306
8620000,1,4.64303,-914.603,0.423383,0.40895
8630000,2,6.77393,-915.043,1.58058,0.4029
8640000,1,3.81601,-917.728,0.88061,0.4103
8650000,5,9.46602,-914.718,3.99366,0.43065
8660000,3,8.77542,-912.882,1.33983,0.4347
8670000,1,5.53275,-917.562,0.29851,0.412356
8680000,2,6.60237,-920.28,1.21649,0.4323
8690000,1,5.06266,-917.217,0.522107,0.3998
8700000,1,6.26069,-917.846,0.375692,0.408583
8710000,2,5.40537,-914.778,1.48671,0.42872
8720000,3,7.08722,-922.472,3.03898,0.3991
8730000,2,5.47076,-918.599,1.25542,0.416625
8740000,3,9.62356,-917.392,3.15284,0.4093
8750000,8,16.3824,-901.628,1.57189,0.414323
8760000,2,8.7358,-911.685,1.2451,0.424475
8770000,1,5.18166,-917.677,0.38893,0.407167
8780000,2,7.32223,-913.68,0.60429,0.432133
8790000,3,8.78153,-907.075,3.29475,0.445133
8800000,4,9.9646,-914.069,2.21985,0.3885
8810000,5,10.1612,-913.37,1.86997,0.42
8820000,3,10.3077,-908.656,1.73035,0.4511
8830000,3,8.29441,-907.465,1.99386,0.40532
8840000,3,10.8867,-914.07,0.437692,0.424
8850000,1,2.81942,-918.622,1.47328,0.3974
8860000,3,6.80643,-911.581,1.70306,0.409883
8870000,2,0.667802,-917.018,1.09222,0.41925
8880000,1,4.15341,-916.402,0.886742,0.420411
8890000,2,6.75046,-915.574,0.686965,0.3949
8900000,4,10.7548,-914.822,1.43604,0.4163
8910000,2,8.6146,-914.484,0.659586,0.4147
8920000,2,7.73243,-914.942,1.07831,0.42225
8930000,3,10.7046,-915.561,1.3823,0.412225
8940000,6,19.1459,-909.723,2.50491,0.419633
8950000,2,6.72399,-911.185,1.18015,0.42245
8960000,3,11.7886,-911.642,0.645665,0.41455
8970000,3,4.82835,-906.854,4.64452,0.4609
8980000,4,11.9777,-898.233,1.97085,0.4593
8990000,2,8.08293,-913.813,0.793075,0.449925
9000000,1,4.68537,-919.43,0.7734,0.41935
9010000,2,5.02044,-915.839,0.356762,0.43605
9020000,4,9.82648,-907.801,2.83705,0.44705
9030000,5,14.0222,-904.837,2.18342,0.4543
9040000,2,6.16525,-914.367,0.862136,0.432867
9050000,3,9.52691,-905.832,0.944914,0.42135
9060000,5,14.8972,-906.938,2.57164,0.4305
9070000,6,15.2069,-906.468,4.0145,0.429022
9080000,6,17.7407,-905.166,2.37005,0.4199
9090000,2,6.29315,-916.67,2.09076,0.41948
9100000,3,10.9176,-912.77,0.433138,0.4229
9110000,2,4.69689,-914.857,1.4665,0.41595
9120000,3,7.63071,-918.548,2.02151,0.419075
9130000,3,7.72757,-911.758,1.63077,0.4336
9140000,3,12.6671,-909.549,0.158348,0.4113
9150000,2,8.9478,-911.676,0.522156,0.43745
9160000,2,5.22819,-919.658,0.755808,0.4376
9170000,2,8.31852,-911.261,1.04569,0.44105
9180000,1,4.27302,-918.431,2.05545,0.4163
9190000,3,9.40833,-914.936,0.709644,0.4153
9200000,1,3.91731,-917.258,0.189798,0.408943
9210000,2,6.12095,-918.374,1.88969,0.4067
9220000,1,4.30955,-915.933,1.55378,0.4229
9230000,3,6.96869,-913.323,2.26913,0.4031
9240000,1,5.06555,-916.459,0.624686,0.405
9250000,1,5.16729,-914.842,0.470759,0.411
9260000,2,0.962753,-906.97,3.92213,0.428567
9270000,1,5.41328,-916.556,0.291555,0.389267
9280000,2,7.01466,-909.486,0.866212,0.4013
9290000,1,5.28271,-920.279,1.04764,0.398725
9300000,1,5.35081,-914.987,0.252585,0.3992
9310000,1,1.95162,-917.073,1.67235,0.4093
9320000,2,6.65136,-915.918,0.763966,0.41161
9330000,4,9.59596,-915.993,3.43604,0.41015
9340000,3,8.78155,-918.233,2.22497,0.41205
9350000,4,11.0592,-906.479,2.7515,0.4238
9360000,2,6.30261,-913.694,0.986852,0.401933
9370000,1,6.18122,-919.133,0.296399,0.4082
9380000,1,4.1014,-915.879,0.831538,0.424367
9390000,1,4.02985,-917.094,0.437558,0.4141
9400000,2,5.07573,-918.751,1.1831,0.403123
9410000,3,6.34021,-916.583,2.90153,0.414967
9420000,3,5.07719,-912.471,3.39817,0.417867
9430000,3,5.28798,-909.32,1.78596,0.425
9440000,2,7.45071,-912.684,1.79423,0.42285
9450000,4,11.5042,-902.326,1.56829,0.4218
9460000,3,7.28092,-915.293,2.1788,0.4289
9470000,1,4.22176,-919.542,1.14883,0.4005
9480000,5,13.8076,-908.723,3.18798,0.409125
9490000,4,11.7201,-910.168,1.28894,0.406
9500000,1,4.31967,-913.548,0.468371,0.42095
9510000,1,1.9097,-920.872,2.11594,0.41795
9520000,4,8.08578,-918.134,2.22904,0.411117
9530000,1,4.74924,-916.18,0.858441,0.4154
9540000,1,3.1908,-916.177,2.13969,0.398833
9550000,6,11.2097,-914.172,2.57779,0.4131
9560000,2,4.28251,-915.595,0.608562,0.409433
9570000,1,4.14204,-917.23,0.634355,0.425425
9580000,1,3.20741,-917.182,0.626952,0.3905
9590000,1,5.15072,-918.359,1.18582,0.407125
9600000,2,6.62432,-919.17,1.7414,0.4092
9610000,3,6.27502,-911.562,2.21282,0.402691
9620000,1,5.01574,-916.227,0.491913,0.405975
9630000,1,3.23832,-916.598,0.364193,0.4152
9640000,2,6.11078,-915.304,1.25632,0.404157
9650000,2,1.12238,-914.561,1.8105,0.4042
9660000,2,4.11894,-919.358,3.40028,0.41525
9670000,1,4.615,-919.111,0.552178,0.3795
9680000,4,7.53471,-904.698,5.56938,0.405743
9690000,4,8.49641,-900.29,4.26432,0.4214
9700000,4,3.27859,-909.377,4.54943,0.438533
9710000,1,5.25261,-917.143,0.630241,0.408363
9720000,3,8.06924,-916.946,1.02594,0.4151
9730000,1,5.07071,-917.571,0.802127,0.42655
9740000,1,5.34683,-916.405,0.744253,0.4325
9750000,6,8.77179,-914.948,2.20612,0.41284
9760000,2,7.74503,-918.489,0.769159,0.411809
9770000,2,8.38699,-915.284,1.0145,0.4318
9780000,4,6.18421,-905.537,2.02136,0.4264
9790000,7,14.3799,-906.181,4.21796,0.4292
9800000,2,7.54397,-916.699,0.816162,0.417067
9810000,1,6.00658,-919.604,0.179163,0.41568
9820000,1,5.04993,-914.349,1.05059,0.41367
9830000,1,5.46278,-913.209,0.650023,0.41435
9840000,1,5.03065,-916.731,0.731973,0.3851
9850000,2,6.99397,-911.529,2.01112,0.4072
9860000,3,4.66445,-911.91,4.41517,0.40774
9870000,3,5.28102,-915.924,3.53165,0.420433
9880000,5,13.3815,-907.278,2.67649,0.4527
9890000,1,2.0871,-915.311,1.91172,0.409133
9900000,2,7.35986,-915.012,1.15941,0.4003
9910000,2,6.72988,-916.321,2.35622,0.4063
9920000,2,6.3203,-911.597,2.79185,0.3976
9930000,3,8.82283,-905.055,1.84695,0.41895
9940000,2,7.18109,-914.583,0.575592,0.4281
9950000,3,8.13492,-913.664,0.818774,0.4352
9960000,2,6.55167,-916.492,2.09271,0.428963
9970000,2,5.99901,-914.566,1.72904,0.4097
9980000,1,4.79658,-915.128,1.04808,0.39855
9990000,1,4.18016,-920.17,1.27015,0.3815
